ATOM DATA (8) 
Atom 1: C -0.756, 0.05, 0.0 
Atom 2: C 0.796, 0.0, 0.05 
Atom 3: H -1.1804, 0.6486, 0.7945 
Atom 4: H -1.1004, 0.3601, -0.9626 
Atom 5: H -1.2405, -0.9987, 0.4781 
Atom 6: H 1.1204, -0.3401, 0.9526 
Atom 7: H 1.1605, 1.0187, -0.1581 
Atom 8: H 1.1904, -0.6786, -0.7745 

BONDS DATA (7) 
 C 1 --- C 2 bond_type:  1 bond_distance:  1.553609989669222 Å bond energy:  0.16722948365422943 Kcal/mol. 
 C 1 --- H 3 bond_type:  1 bond_distance:  1.0815117059005879 Å bond energy:  0.2840540152431119 Kcal/mol. 
 C 1 --- H 4 bond_type:  1 bond_distance:  1.0683501907146364 Å bond energy:  0.6071473147275077 Kcal/mol. 
 C 1 --- H 5 bond_type:  1 bond_distance:  1.2502365976086285 Å bond energy:  6.883206158095525 Kcal/mol. 
 C 2 --- H 6 bond_type:  1 bond_distance:  1.0176394892102016 Å bond energy:  2.985662383673367 Kcal/mol. 
 C 2 --- H 7 bond_type:  1 bond_distance:  1.1017783579286715 Å bond energy:  0.023658389422164056 Kcal/mol. 
 C 2 --- H 8 bond_type:  1 bond_distance:  1.1383538861004516 Å bond energy:  0.28137999994908247 Kcal/mol. 

Angles DATA (12) 
C 2 --- C 1 --- H 3 angle value in radias = 1.967280376970921 angle value in degrees = 112.71686271933937 angle energy: 0.11032853077865652. 
C 2 --- C 1 --- H 4 angle value in radias = 1.9394620319567284 angle value in degrees = 111.12298895698733 angle energy: 0.028083673107086645. 
C 2 --- C 1 --- H 5 angle value in radias = 1.9260441893771878 angle value in degrees = 110.35420320700872 angle energy: 0.007779383380365375. 
H 3 --- C 1 --- H 4 angle value in radias = 1.9549214517354268 angle value in degrees = 112.00874846402782 angle energy: 0.06710224011564926. 
H 3 --- C 1 --- H 5 angle value in radias = 1.6020699302218968 angle value in degrees = 91.79184548653298 angle energy: 3.3432540940191395. 
H 4 --- C 1 --- H 5 angle value in radias = 2.052286728419614 angle value in degrees = 117.58736788915526 angle energy: 0.6973281193088637. 
C 1 --- C 2 --- H 6 angle value in radias = 1.9366507466073353 angle value in degrees = 110.96191417146015 angle energy: 0.022785918080361844. 
C 1 --- C 2 --- H 7 angle value in radias = 1.8698865534032127 angle value in degrees = 107.13660767826791 angle energy: 0.05955173515613511. 
C 1 --- C 2 --- H 8 angle value in radias = 1.9198208693161631 angle value in degrees = 109.99763323295292 angle energy: 0.002640228598570757. 
H 6 --- C 2 --- H 7 angle value in radias = 1.95095596637609 angle value in degrees = 111.78154288921691 angle energy: 0.055498347758500786. 
H 6 --- C 2 --- H 8 angle value in radias = 1.910005075094244 angle value in degrees = 109.43522965146805 angle energy: 4.472756418079516e-05. 
H 7 --- C 2 --- H 8 angle value in radias = 1.875228609270528 angle value in degrees = 107.44268493338816 angle energy: 0.04512574581660979. 

TORSIONS DATA (9) 
torsional angles. atom 1: H 3 --- C  1 --- C 2 --- H 6 torsion angle in radians 0.9802062915591534 torsion angle in degrees 56.16168355850934  torsion energy 0.006038204041440031. 
torsional angles. atom 1: H 3 --- C  1 --- C 2 --- H 7 torsion angle in radians -1.1538592430763237 torsion angle in degrees -66.1112647804331  torsion energy 0.015227966195526254. 
torsional angles. atom 1: H 3 --- C  1 --- C 2 --- H 8 torsion angle in radians 3.0962212194393044 torsion angle in degrees 177.40040831272125  torsion energy 0.0027747774792167613. 
torsional angles. atom 1: H 4 --- C  1 --- C 2 --- H 6 torsion angle in radians -3.092094243308392 torsion angle in degrees -177.16394999826875  torsion energy 0.003301551512482792. 
torsional angles. atom 1: H 4 --- C  1 --- C 2 --- H 7 torsion angle in radians 1.0570255292357174 torsion angle in degrees 60.56310166278882  torsion energy 0.00013038590984656428. 
torsional angles. atom 1: H 4 --- C  1 --- C 2 --- H 8 torsion angle in radians -0.9760793154282407 torsion angle in degrees -55.92522524405681  torsion energy 0.006802172795296401. 
torsional angles. atom 1: H 5 --- C  1 --- C 2 --- H 6 torsion angle in radians -0.7832509896953163 torsion angle in degrees -44.876976008986354  torsion energy 0.08923881017357954. 
torsional angles. atom 1: H 5 --- C  1 --- C 2 --- H 7 torsion angle in radians -2.917316524330793 torsion angle in degrees -167.1499243479288  torsion energy 0.06538135684503855. 
torsional angles. atom 1: H 5 --- C  1 --- C 2 --- H 8 torsion angle in radians 1.3327639381848353 torsion angle in degrees 76.3617487452256  torsion energy 0.10351937231693877. 

VDW INTERACTIONS DATA (9) 
H 3 <---> H 6 distance= 2.5092237724045257 Energy= -0.02153011540564398 Kcal·mol⁻¹. 
H 3 <---> H 7 distance= 2.5542579313765477 Energy= -0.0257509834766855 Kcal·mol⁻¹. 
H 3 <---> H 8 distance= 3.137501152191023 Energy= -0.019223974739352886 Kcal·mol⁻¹. 
H 4 <---> H 6 distance= 3.0149997877280192 Energy= -0.022762123774226234 Kcal·mol⁻¹. 
H 4 <---> H 7 distance= 2.4885021639532487 Energy= -0.018856755566366692 Kcal·mol⁻¹. 
H 4 <---> H 8 distance= 2.5223092474952393 Energy= -0.022963657539181587 Kcal·mol⁻¹. 
H 5 <---> H 6 distance= 2.4965482210444083 Energy= -0.019957032874038744 Kcal·mol⁻¹. 
H 5 <---> H 7 distance= 3.1999147176135807 Energy= -0.017558128062920876 Kcal·mol⁻¹. 
H 5 <---> H 8 distance= 2.7533153796831917 Energy= -0.029547732000598802 Kcal·mol⁻¹. 

  INITIAL WILSON B MATRIX 

-0.99896 0.03218 -0.03218 0.99896 -0.03218 0.03218 0.00000 0.00000 0.00000 0.00000 0.00000 0.00000 0.00000 0.00000 0.00000 0.00000 0.00000 0.00000 0.00000 0.00000 0.00000 0.00000 0.00000 0.00000
0.39241 -0.55348 -0.73462 0.00000 0.00000 0.00000 -0.39241 0.55348 0.73462 0.00000 0.00000 0.00000 0.00000 0.00000 0.00000 0.00000 0.00000 0.00000 0.00000 0.00000 0.00000 0.00000 0.00000 0.00000
0.32237 -0.29026 0.90102 0.00000 0.00000 0.00000 0.00000 0.00000 0.00000 -0.32237 0.29026 -0.90102 0.00000 0.00000 0.00000 0.00000 0.00000 0.00000 0.00000 0.00000 0.00000 0.00000 0.00000 0.00000
0.38753 0.83880 -0.38241 0.00000 0.00000 0.00000 0.00000 0.00000 0.00000 0.00000 0.00000 0.00000 -0.38753 -0.83880 0.38241 0.00000 0.00000 0.00000 0.00000 0.00000 0.00000 0.00000 0.00000 0.00000
0.00000 0.00000 0.00000 -0.31878 0.33420 -0.88695 0.00000 0.00000 0.00000 0.00000 0.00000 0.00000 0.00000 0.00000 0.00000 0.31878 -0.33420 0.88695 0.00000 0.00000 0.00000 0.00000 0.00000 0.00000
0.00000 0.00000 0.00000 -0.33083 -0.92460 0.18888 0.00000 0.00000 0.00000 0.00000 0.00000 0.00000 0.00000 0.00000 0.00000 0.00000 0.00000 0.00000 0.33083 0.92460 -0.18888 0.00000 0.00000 0.00000
0.00000 0.00000 0.00000 -0.34647 0.59612 0.72429 0.00000 0.00000 0.00000 0.00000 0.00000 0.00000 0.00000 0.00000 0.00000 0.00000 0.00000 0.00000 0.00000 0.00000 0.00000 0.34647 -0.59612 -0.72429
0.84482 0.55954 0.83792 0.00463 -0.37755 -0.52129 -0.84945 -0.18199 -0.31663 0.00000 0.00000 0.00000 0.00000 0.00000 0.00000 0.00000 0.00000 0.00000 0.00000 0.00000 0.00000 0.00000 0.00000 0.00000
0.91180 0.26495 -0.90725 -0.02597 -0.19228 0.61372 0.00000 0.00000 0.00000 -0.88583 -0.07267 0.29352 0.00000 0.00000 0.00000 0.00000 0.00000 0.00000 0.00000 0.00000 0.00000 0.00000 0.00000 0.00000
0.70974 -0.85990 0.41115 0.02751 0.58355 -0.27022 0.00000 0.00000 0.00000 0.00000 0.00000 0.00000 -0.73724 0.27636 -0.14093 0.00000 0.00000 0.00000 0.00000 0.00000 0.00000 0.00000 0.00000 0.00000
-0.98630 1.16495 -0.22326 0.00000 0.00000 0.00000 0.46816 -0.49634 0.62403 0.51814 -0.66861 -0.40078 0.00000 0.00000 0.00000 0.00000 0.00000 0.00000 0.00000 0.00000 0.00000 0.00000 0.00000 0.00000
-0.69357 -0.33802 0.97245 0.00000 0.00000 0.00000 0.36985 0.75995 -0.37501 0.00000 0.00000 0.00000 0.32372 -0.42193 -0.59744 0.00000 0.00000 0.00000 0.00000 0.00000 0.00000 0.00000 0.00000 0.00000
-1.01980 -0.83250 -0.69011 0.00000 0.00000 0.00000 0.00000 0.00000 0.00000 0.56693 0.74389 0.03681 0.45288 0.08861 0.65331 0.00000 0.00000 0.00000 0.00000 0.00000 0.00000 0.00000 0.00000 0.00000
0.02661 0.22242 -0.60342 -0.95782 -0.31437 0.90346 0.00000 0.00000 0.00000 0.00000 0.00000 0.00000 0.00000 0.00000 0.00000 0.93121 0.09195 -0.30004 0.00000 0.00000 0.00000 0.00000 0.00000 0.00000
-0.02457 -0.62916 0.13361 -0.83165 0.91848 -0.21703 0.00000 0.00000 0.00000 0.00000 0.00000 0.00000 0.00000 0.00000 0.00000 0.00000 0.00000 0.00000 0.85622 -0.28932 0.08343 0.00000 0.00000 0.00000
-0.00331 0.40078 0.50365 -0.81978 -0.56127 -0.76529 0.00000 0.00000 0.00000 0.00000 0.00000 0.00000 0.00000 0.00000 0.00000 0.00000 0.00000 0.00000 0.00000 0.00000 0.00000 0.82309 0.16049 0.26164
0.00000 0.00000 0.00000 0.90682 0.85587 0.94682 0.00000 0.00000 0.00000 0.00000 0.00000 0.00000 0.00000 0.00000 0.00000 -0.47526 -0.84719 -0.14841 -0.43156 -0.00868 -0.79841 0.00000 0.00000 0.00000
0.00000 0.00000 0.00000 0.87591 -1.23317 0.15452 0.00000 0.00000 0.00000 0.00000 0.00000 0.00000 0.00000 0.00000 0.00000 -0.47156 0.73707 0.44721 0.00000 0.00000 0.00000 -0.40435 0.49610 -0.60173
0.00000 0.00000 0.00000 0.82422 0.38337 -1.11676 0.00000 0.00000 0.00000 0.00000 0.00000 0.00000 0.00000 0.00000 0.00000 0.00000 0.00000 0.00000 -0.42396 0.30346 0.74293 -0.40026 -0.68683 0.37383
-0.06186 -1.26054 0.65951 0.03685 1.43624 0.29228 0.04505 0.81120 -0.58712 0.00000 0.00000 0.00000 0.00000 0.00000 0.00000 -0.02005 -0.98690 -0.36466 0.00000 0.00000 0.00000 0.00000 0.00000 0.00000
-0.06208 -0.98788 0.93899 0.04056 -0.02144 -1.28047 0.04505 0.81120 -0.58712 0.00000 0.00000 0.00000 0.00000 0.00000 0.00000 0.00000 0.00000 0.00000 -0.02353 0.19811 0.92860 0.00000 0.00000 0.00000
-0.04657 -0.84614 0.59929 -0.04076 -0.69594 0.56915 0.04505 0.81120 -0.58712 0.00000 0.00000 0.00000 0.00000 0.00000 0.00000 0.00000 0.00000 0.00000 0.00000 0.00000 0.00000 0.04227 0.73087 -0.58132
0.02169 0.96299 0.28984 0.01950 0.98099 0.37558 0.00000 0.00000 0.00000 -0.02114 -0.95708 -0.30076 0.00000 0.00000 0.00000 -0.02005 -0.98690 -0.36466 0.00000 0.00000 0.00000 0.00000 0.00000 0.00000
0.02147 1.23565 0.56933 0.02321 -0.47669 -1.19717 0.00000 0.00000 0.00000 -0.02114 -0.95708 -0.30076 0.00000 0.00000 0.00000 0.00000 0.00000 0.00000 -0.02353 0.19811 0.92860 0.00000 0.00000 0.00000
0.03698 1.37739 0.22962 -0.05811 -1.15119 0.65245 0.00000 0.00000 0.00000 -0.02114 -0.95708 -0.30076 0.00000 0.00000 0.00000 0.00000 0.00000 0.00000 0.00000 0.00000 0.00000 0.04227 0.73087 -0.58132
0.01241 -0.69069 -1.07585 0.02100 1.31864 0.66670 0.00000 0.00000 0.00000 0.00000 0.00000 0.00000 -0.01337 0.35895 0.77381 -0.02005 -0.98690 -0.36466 0.00000 0.00000 0.00000 0.00000 0.00000 0.00000
0.01219 -0.41803 -0.79636 0.02471 -0.13904 -0.90605 0.00000 0.00000 0.00000 0.00000 0.00000 0.00000 -0.01337 0.35895 0.77381 0.00000 0.00000 0.00000 -0.02353 0.19811 0.92860 0.00000 0.00000 0.00000
0.02770 -0.27629 -1.13607 -0.05661 -0.81354 0.94358 0.00000 0.00000 0.00000 0.00000 0.00000 0.00000 -0.01337 0.35895 0.77381 0.00000 0.00000 0.00000 0.00000 0.00000 0.00000 0.04227 0.73087 -0.58132

 INITIAL  G MATRIX 

2.00000 -0.38618 -0.36037 -0.34782 -0.35775 -0.29465 -0.34198 -0.85290 -0.87313 -0.74991 1.02996 0.65067 1.01417 -0.91763 -0.86733 -0.82550 0.90881 0.91966 0.77508 0.00000 -0.00000 -0.00000 0.00000 -0.00000 -0.00000 0.00000 0.00000 0.00000
-0.38618 2.00000 -0.37475 -0.03127 0.00000 0.00000 0.00000 -0.59373 0.87764 0.45242 -0.86781 -0.79946 0.56756 0.33062 0.24044 -0.59312 0.00000 0.00000 0.00000 0.18893 -0.16739 0.00980 -0.73741 -1.09373 -0.91654 1.17750 0.82118 0.99837
-0.36037 -0.37475 2.00000 -0.46310 0.00000 0.00000 0.00000 0.86491 -0.60041 0.84884 -0.85725 0.75072 -0.70891 -0.59968 0.29508 0.33640 0.00000 0.00000 0.00000 0.94017 1.11278 0.77056 -0.01138 0.16123 -0.18099 -0.76488 -0.59227 -0.93449
-0.34782 -0.03127 -0.46310 2.00000 0.00000 0.00000 0.00000 0.47631 0.92253 -0.60347 0.68032 -0.92418 -0.82960 0.42763 -0.58836 0.14229 0.00000 0.00000 0.00000 -1.33351 -1.21177 -0.95696 0.70533 0.82707 1.08188 -0.16313 -0.04138 0.21343
-0.35775 0.00000 0.00000 0.00000 2.00000 -0.37107 -0.33274 0.33470 -0.60033 0.42593 0.00000 0.00000 0.00000 -0.60106 0.76457 0.75252 -0.84282 -0.82841 0.85590 0.20901 1.11563 -0.72440 -0.01149 0.89512 -0.94491 -0.15734 0.74928 -1.09075
-0.29465 0.00000 0.00000 0.00000 -0.37107 2.00000 -0.29975 0.24909 0.30229 -0.59968 0.00000 0.00000 0.00000 0.77818 -0.61509 0.64561 -0.91251 0.87959 -0.83807 -1.28493 -0.23545 0.76444 -0.84253 0.20695 1.20684 -1.10023 -0.05075 0.94914
-0.34198 0.00000 0.00000 0.00000 -0.33274 -0.29975 2.00000 -0.60423 0.33888 0.14262 0.00000 0.00000 0.00000 0.79881 0.67847 -0.60485 0.88180 -0.92667 -0.86589 1.05510 -0.95427 0.01149 0.85006 -1.15931 -0.19355 1.26168 -0.74769 0.21807
-0.85290 -0.59373 0.86491 0.47631 0.33470 0.24909 -0.60423 2.99816 -0.08909 0.38363 -0.87342 -0.29397 -1.90563 -0.71539 -0.49833 1.25051 -0.81250 0.38908 0.44123 -0.89940 0.85737 -0.04476 0.23395 1.99073 1.08859 -2.12275 -0.36598 -1.26811
-0.87313 0.87764 -0.60041 0.92253 -0.60033 0.30229 0.33888 -0.08909 3.01511 -0.23247 -0.91614 -1.60420 -1.06979 1.27044 -0.59853 -0.69423 0.39297 0.30921 -0.78050 -1.08646 -1.95303 -0.32618 0.05333 -0.81323 0.81362 0.95945 0.09289 1.71974
-0.74991 0.45242 0.84884 -0.60347 0.42593 -0.59968 0.14262 0.38363 -0.23247 2.46626 -1.79355 -0.07283 -0.69312 -0.87441 1.15026 -0.28319 0.26854 -0.73727 0.54815 2.07134 1.52610 0.37992 -0.22202 -0.76726 -1.91345 0.75030 0.20506 -0.94112
1.02996 -0.86781 -0.85725 0.68032 0.00000 0.00000 0.00000 -0.87342 -0.91614 -1.79355 4.11084 -0.36488 -0.02830 0.36759 -0.73854 0.35772 0.00000 0.00000 0.00000 -2.30262 -2.04717 -1.82151 1.78524 2.04069 2.26636 -0.57666 -0.32121 -0.09554
0.65067 -0.79946 0.75072 -0.92418 0.00000 0.00000 0.00000 -0.29397 -1.60420 -0.07283 -0.36488 3.03565 0.03651 -0.68044 0.35964 0.35660 0.00000 0.00000 0.00000 1.96364 2.14342 1.75440 -0.05870 0.12108 -0.26794 -1.43944 -1.25966 -1.64868
1.01417 0.56756 -0.70891 -0.82960 0.00000 0.00000 0.00000 -1.90563 -1.06979 -0.69312 -0.02830 0.03651 3.72522 0.20413 0.45664 -0.67785 0.00000 0.00000 0.00000 0.65735 0.23771 0.33832 -1.75885 -2.17850 -2.07788 1.83609 1.41645 1.51707
-0.91763 0.33062 -0.59968 0.42763 -0.60106 0.77818 0.79881 -0.71539 1.27044 -0.87441 0.36759 -0.68044 0.20413 3.21242 0.09052 0.05538 -0.75816 -0.81721 -1.91892 -0.90274 -1.97696 0.22096 0.05212 -1.02210 1.17582 0.66358 -0.41065 1.78727
-0.86733 0.24044 0.29508 -0.58836 0.76457 -0.61509 0.67847 -0.49833 -0.59853 1.15026 -0.73854 0.35964 0.45664 0.09052 2.82043 0.14755 -0.60715 -1.89463 -0.47979 2.10780 0.97300 -0.11526 0.23560 -0.89920 -1.98746 1.33949 0.20469 -0.88357
-0.82550 -0.59312 0.33640 0.14229 0.75252 0.64561 -0.60485 1.25051 -0.69423 -0.28319 0.35772 0.35660 -0.67785 0.05538 0.14755 2.75873 -1.94836 -0.55479 -0.37808 -1.23285 1.03591 -0.04867 -0.32216 1.94660 0.86202 -2.08626 0.18250 -0.90208
0.90881 0.00000 0.00000 0.00000 -0.84282 -0.91251 0.88180 -0.81250 0.39297 0.26854 0.00000 0.00000 0.00000 -0.75816 -0.60715 -1.94836 4.24073 -0.58153 -0.39467 2.43913 -1.92691 -0.09371 2.11264 -2.25341 -0.42021 2.67862 -1.68742 0.14578
0.91966 0.00000 0.00000 0.00000 -0.82841 0.87959 -0.92667 0.38908 0.30921 -0.73727 0.00000 0.00000 0.00000 -0.81721 -1.89463 -0.55479 -0.58153 4.04912 -0.32723 -2.57472 -0.13590 1.60575 -2.01564 0.42318 2.16483 -2.38572 0.05310 1.79475
0.77508 0.00000 0.00000 0.00000 0.85590 -0.83807 -0.86589 0.44123 -0.78050 0.54815 0.00000 0.00000 0.00000 -1.91892 -0.47979 -0.37808 -0.39467 -0.32723 3.66894 0.25458 2.21518 -1.67222 -0.02728 1.93332 -1.95408 -0.22171 1.73889 -2.14852
0.00000 0.18893 0.94017 -1.33351 0.20901 -1.28493 1.05510 -0.89940 -1.08646 2.07134 -2.30262 1.96364 0.65735 -0.90274 2.10780 -1.23285 2.43913 -2.57472 0.25458 6.28945 2.46962 1.63481 1.60270 -2.21713 -3.05194 3.35721 -0.46262 -1.29743
-0.00000 -0.16739 1.11278 -1.21177 1.11563 -0.23545 -0.95427 0.85737 -1.95303 1.52610 -2.04717 2.14342 0.23771 -1.97696 0.97300 1.03591 -1.92691 -0.13590 2.21518 2.46962 5.41008 1.69078 -1.18167 1.75879 -1.96051 -1.20979 1.73067 -1.98862
-0.00000 0.00980 0.77056 -0.95696 -0.72440 0.76444 0.01149 -0.04476 -0.32618 0.37992 -1.82151 1.75440 0.33832 0.22096 -0.11526 -0.04867 -0.09371 1.60575 -1.67222 1.63481 1.69078 3.76588 -1.11188 -1.05591 1.01919 -0.60000 -0.54403 1.53107
0.00000 -0.73741 -0.01138 0.70533 -0.01149 -0.84253 0.85006 0.23395 0.05333 -0.22202 1.78524 -0.05870 -1.75885 0.05212 0.23560 -0.32216 2.11264 -2.01564 -0.02728 1.60270 -1.18167 -1.11188 4.22987 1.44550 1.51529 1.67505 -1.10932 -1.03952
-0.00000 -1.09373 0.16123 0.82707 0.89512 0.20695 -1.15931 1.99073 -0.81323 -0.76726 2.04069 0.12108 -2.17850 -1.02210 -0.89920 1.94660 -2.25341 0.42318 1.93332 -2.21713 1.75879 -1.05591 1.44550 5.42142 2.60672 -2.89194 1.08398 -1.73072
-0.00000 -0.91654 -0.18099 1.08188 -0.94491 1.20684 -0.19355 1.08859 0.81362 -1.91345 2.26636 -0.26794 -2.07788 1.17582 -1.98746 0.86202 -0.42021 2.16483 -1.95408 -3.05194 -1.96051 1.01919 1.51529 2.60672 5.58641 -2.28216 -1.19073 1.78897
0.00000 1.17750 -0.76488 -0.16313 -0.15734 -1.10023 1.26168 -2.12275 0.95945 0.75030 -0.57666 -1.43944 1.83609 0.66358 1.33949 -2.08626 2.67862 -2.38572 -0.22171 3.35721 -1.20979 -0.60000 1.67505 -2.89194 -2.28216 5.65356 1.08657 1.69635
0.00000 0.82118 -0.59227 -0.04138 0.74928 -0.05075 -0.74769 -0.36598 0.09289 0.20506 -0.32121 -1.25966 1.41645 -0.41065 0.20469 0.18250 -1.68742 0.05310 1.73889 -0.46262 1.73067 -0.54403 -1.10932 1.08398 -1.19073 1.08657 3.27986 1.00516
0.00000 0.99837 -0.93449 0.21343 -1.09075 0.94914 0.21807 -1.26811 1.71974 -0.94112 -0.09554 -1.64868 1.51707 1.78727 -0.88357 -0.90208 0.14578 1.79475 -2.14852 -1.29743 -1.98862 1.53107 -1.03952 -1.73072 1.78897 1.69635 1.00516 4.52485

 INITIAL G MATRIX INVERSE 

1.99394 0.20138 0.16512 0.18537 0.16250 0.15639 0.17879 0.24034 0.19600 0.28057 -0.25864 -0.22844 -0.28597 0.24212 0.25731 0.26690 -0.25185 -0.26186 -0.25005 -0.00834 -0.01195 0.00035 -0.00641 -0.01001 0.00229 0.01020 0.00659 0.01889
0.20138 0.83458 0.07082 0.01178 -0.01898 -0.01262 0.08228 0.11400 -0.09619 -0.06205 0.02709 0.03383 0.01834 0.00637 0.01287 0.06139 -0.00190 -0.03881 -0.03860 0.00449 -0.00537 0.00096 0.05346 0.04360 0.04993 -0.05679 -0.06665 -0.06033
0.16512 0.07082 0.83715 0.08367 0.08402 -0.02239 -0.02297 -0.10223 0.11760 -0.12356 0.02505 0.01346 0.03719 0.03962 0.01168 0.00701 -0.03155 -0.02996 0.00328 -0.04611 -0.03888 -0.05301 0.00165 0.00888 -0.00525 0.04667 0.05391 0.03978
0.18537 0.01178 0.08367 0.83421 -0.03209 0.08032 -0.00002 -0.05410 -0.10550 0.12553 0.01813 0.01817 0.01964 0.00346 0.05558 0.01652 -0.03237 -0.00240 -0.04077 0.05314 0.05488 0.06344 -0.05085 -0.04911 -0.04055 -0.00602 -0.00428 0.00429
0.16250 -0.01898 0.08402 -0.03209 0.83068 0.06947 0.06418 0.00624 0.04659 -0.00409 -0.03401 0.00539 -0.02947 0.11099 -0.09363 -0.10103 0.03339 0.03473 0.00733 0.00332 -0.04444 0.05244 0.00030 -0.04746 0.04942 -0.00385 -0.05161 0.04527
0.15639 -0.01262 -0.02239 0.08032 0.06947 0.82978 0.05919 0.00732 -0.00428 0.06205 0.00460 -0.03135 -0.04060 -0.08231 0.11427 -0.08741 0.02126 0.00847 0.02837 0.04463 -0.00563 -0.05736 0.05315 0.00289 -0.04884 0.04722 -0.00304 -0.05477
0.17879 0.08228 -0.02297 -0.00002 0.06418 0.05919 0.82971 0.05037 -0.00041 0.01721 -0.03385 -0.03311 -0.00099 -0.08763 -0.08615 0.12168 0.00758 0.02123 0.02823 -0.04848 0.05116 0.00193 -0.05432 0.04532 -0.00391 -0.04123 0.05840 0.00918
0.24034 0.11400 -0.10223 -0.05410 0.00624 0.00732 0.05037 0.47250 -0.14848 -0.10910 -0.15645 -0.12520 0.11723 0.09799 0.09501 -0.11183 -0.05077 -0.01494 -0.02008 0.02192 -0.03659 -0.00717 0.06641 0.00790 0.03732 0.00659 -0.05192 -0.02250
0.19600 -0.09619 0.11760 -0.10550 0.04659 -0.00428 -0.00041 -0.14848 0.39330 -0.17941 -0.12600 0.08672 -0.11453 -0.10770 0.09186 0.10464 -0.01862 -0.02163 -0.04186 -0.02908 -0.00034 -0.05714 0.00228 0.03102 -0.02579 0.02657 0.05531 -0.00149
0.28057 -0.06205 -0.12356 0.12553 -0.00409 0.06205 0.01721 -0.10910 -0.17941 0.56551 0.11272 -0.17343 -0.20475 0.13459 -0.11634 0.08365 -0.02297 -0.05862 -0.02328 0.00313 0.02513 0.07395 -0.07727 -0.05528 -0.00645 -0.02464 -0.00265 0.04618
-0.25864 0.02709 0.02505 0.01813 -0.03401 0.00460 -0.03385 -0.15645 -0.12600 0.11272 0.17117 0.01328 0.00497 -0.01657 -0.05941 -0.02346 0.03256 0.03441 0.03153 -0.00961 -0.00115 0.00704 -0.00581 0.00265 0.01085 -0.00957 -0.00111 0.00708
-0.22844 0.03383 0.01346 0.01817 0.00539 -0.03135 -0.03311 -0.12520 0.08672 -0.17343 0.01328 0.15902 0.03157 -0.04990 -0.01173 -0.02493 0.02643 0.02985 0.03118 0.01729 0.02262 0.00530 0.00600 0.01134 -0.00599 -0.02589 -0.02055 -0.03788
-0.28597 0.01834 0.03719 0.01964 -0.02947 -0.04060 -0.00099 0.11723 -0.11453 -0.20475 0.00497 0.03157 0.20282 -0.03327 -0.01467 -0.06321 0.03716 0.03865 0.03453 0.00670 -0.00936 -0.00889 0.01366 -0.00240 -0.00194 0.01780 0.00174 0.00221
0.24212 0.00637 0.03962 0.00346 0.11099 -0.08231 -0.08763 0.09799 -0.10770 0.13459 -0.01657 -0.04990 -0.03327 0.44074 -0.14355 -0.15463 -0.11954 -0.12272 0.08605 0.02598 -0.00126 0.05833 -0.00572 -0.03297 0.02663 -0.02745 -0.05469 0.00491
0.25731 0.01287 0.01168 0.05558 -0.09363 0.11427 -0.08615 0.09501 0.09186 -0.11634 -0.05941 -0.01173 -0.01467 -0.14355 0.49331 -0.13492 -0.15632 0.08931 -0.14583 0.00398 -0.03613 -0.06847 0.07392 0.03381 0.00148 0.03216 -0.00795 -0.04029
0.26690 0.06139 0.00701 0.01652 -0.10103 -0.08741 0.12168 -0.11183 0.10464 0.08365 -0.02346 -0.02493 -0.06321 -0.15463 -0.13492 0.52644 0.09254 -0.16588 -0.14808 -0.03589 0.03142 0.00595 -0.07142 -0.00411 -0.02958 0.00314 0.07045 0.04498
-0.25185 -0.00190 -0.03155 -0.03237 0.03339 0.02126 0.00758 -0.05077 -0.01862 -0.02297 0.03256 0.02643 0.03716 -0.11954 -0.15632 0.09254 0.15216 0.01215 0.02268 0.00665 -0.00684 0.00515 -0.00497 -0.01846 -0.00647 0.01032 -0.00317 0.00882
-0.26186 -0.03881 -0.02996 -0.00240 0.03473 0.00847 0.02123 -0.01494 -0.02163 -0.05862 0.03441 0.02985 0.03865 -0.12272 0.08931 -0.16588 0.01215 0.16159 0.02311 -0.00904 -0.00740 0.00237 0.00782 0.00946 0.01923 -0.00807 -0.00644 0.00333
-0.25005 -0.03860 0.00328 -0.04077 0.00733 0.02837 0.02823 -0.02008 -0.04186 -0.02328 0.03153 0.03118 0.03453 0.08605 -0.14583 -0.14808 0.02268 0.02311 0.15779 0.00708 0.02143 -0.00630 -0.00039 0.01396 -0.01376 -0.00879 0.00556 -0.02216
-0.00834 0.00449 -0.04611 0.05314 0.00332 0.04463 -0.04848 0.02192 -0.02908 0.00313 -0.00961 0.01729 0.00670 0.02598 0.00398 -0.03589 0.00665 -0.00904 0.00708 0.04856 0.02204 0.03029 0.02949 0.00297 0.01122 0.01656 -0.00995 -0.00170
-0.01195 -0.00537 -0.03888 0.05488 -0.04444 -0.00563 0.05116 -0.03659 -0.00034 0.02513 -0.00115 0.02262 -0.00936 -0.00126 -0.03613 0.03142 -0.00684 -0.00740 0.02143 0.02204 0.05464 0.03292 -0.00881 0.02378 0.00207 -0.00032 0.03228 0.01056
0.00035 0.00096 -0.05301 0.06344 0.05244 -0.05736 0.00193 -0.00717 -0.05714 0.07395 0.00704 0.00530 -0.00889 0.05833 -0.06847 0.00595 0.00515 0.00237 -0.00630 0.03029 0.03292 0.07563 -0.01221 -0.00958 0.03313 -0.00955 -0.00691 0.03579
-0.00641 0.05346 0.00165 -0.05085 0.00030 0.05315 -0.05432 0.06641 0.00228 -0.07727 -0.00581 0.00600 0.01366 -0.00572 0.07392 -0.07142 -0.00497 0.00782 -0.00039 0.02949 -0.00881 -0.01221 0.07622 0.03792 0.03453 0.03045 -0.00785 -0.01125
-0.01001 0.04360 0.00888 -0.04911 -0.04746 0.00289 0.04532 0.00790 0.03102 -0.05528 0.00265 0.01134 -0.00240 -0.03297 0.03381 -0.00411 -0.01846 0.00946 0.01396 0.00297 0.02378 -0.00958 0.03792 0.05873 0.02537 0.01357 0.03438 0.00102
0.00229 0.04993 -0.00525 -0.04055 0.04942 -0.04884 -0.00391 0.03732 -0.02579 -0.00645 0.01085 -0.00599 -0.00194 0.02663 0.00148 -0.02958 -0.00647 0.01923 -0.01376 0.01122 0.00207 0.03313 0.03453 0.02537 0.05644 0.00434 -0.00481 0.02625
0.01020 -0.05679 0.04667 -0.00602 -0.00385 0.04722 -0.04123 0.00659 0.02657 -0.02464 -0.00957 -0.02589 0.01780 -0.02745 0.03216 0.00314 0.01032 -0.00807 -0.00879 0.01656 -0.00032 -0.00955 0.03045 0.01357 0.00434 0.05631 0.03943 0.03020
0.00659 -0.06665 0.05391 -0.00428 -0.05161 -0.00304 0.05840 -0.05192 0.05531 -0.00265 -0.00111 -0.02055 0.00174 -0.05469 -0.00795 0.07045 -0.00317 -0.00644 0.00556 -0.00995 0.03228 -0.00691 -0.00785 0.03438 -0.00481 0.03943 0.08166 0.04247
0.01889 -0.06033 0.03978 0.00429 0.04527 -0.05477 0.00918 -0.02250 -0.00149 0.04618 0.00708 -0.03788 0.00221 0.00491 -0.04029 0.04498 0.00882 0.00333 -0.02216 -0.00170 0.01056 0.03579 -0.01125 0.00102 0.02625 0.03020 0.04247 0.06770

 INITIAL GRADIENT INTERNAL COORDINATES 

[13.71823149], [-20.0195138], [-29.24987052], [98.12952093], [-64.73252705], [-5.83850116], [19.82790261], [6.45217974], [-3.05455774], [2.14485509], [0.50260568], [-10.92582783], [4.57651158], [0.85637347], [-2.67135887], [1.12296783], [1.82350091], [-0.57013849], [-0.61078994], [-3.72002824], [-4.75322741], [-3.12208279], [-0.39856163], [-1.4317608], [0.19938383], [5.10947944], [4.07628027], [5.70742489], 

 GRMS = [1.09164285]


  INITIALIZE M HESSIAN MATRIX INVERSE GUESS 

0.00167 0.00000 0.00000 0.00000 0.00000 0.00000 0.00000 0.00000 0.00000 0.00000 0.00000 0.00000 0.00000 0.00000 0.00000 0.00000 0.00000 0.00000 0.00000 0.00000 0.00000 0.00000 0.00000 0.00000 0.00000 0.00000 0.00000 0.00000
0.00000 0.00167 0.00000 0.00000 0.00000 0.00000 0.00000 0.00000 0.00000 0.00000 0.00000 0.00000 0.00000 0.00000 0.00000 0.00000 0.00000 0.00000 0.00000 0.00000 0.00000 0.00000 0.00000 0.00000 0.00000 0.00000 0.00000 0.00000
0.00000 0.00000 0.00167 0.00000 0.00000 0.00000 0.00000 0.00000 0.00000 0.00000 0.00000 0.00000 0.00000 0.00000 0.00000 0.00000 0.00000 0.00000 0.00000 0.00000 0.00000 0.00000 0.00000 0.00000 0.00000 0.00000 0.00000 0.00000
0.00000 0.00000 0.00000 0.00167 0.00000 0.00000 0.00000 0.00000 0.00000 0.00000 0.00000 0.00000 0.00000 0.00000 0.00000 0.00000 0.00000 0.00000 0.00000 0.00000 0.00000 0.00000 0.00000 0.00000 0.00000 0.00000 0.00000 0.00000
0.00000 0.00000 0.00000 0.00000 0.00167 0.00000 0.00000 0.00000 0.00000 0.00000 0.00000 0.00000 0.00000 0.00000 0.00000 0.00000 0.00000 0.00000 0.00000 0.00000 0.00000 0.00000 0.00000 0.00000 0.00000 0.00000 0.00000 0.00000
0.00000 0.00000 0.00000 0.00000 0.00000 0.00167 0.00000 0.00000 0.00000 0.00000 0.00000 0.00000 0.00000 0.00000 0.00000 0.00000 0.00000 0.00000 0.00000 0.00000 0.00000 0.00000 0.00000 0.00000 0.00000 0.00000 0.00000 0.00000
0.00000 0.00000 0.00000 0.00000 0.00000 0.00000 0.00167 0.00000 0.00000 0.00000 0.00000 0.00000 0.00000 0.00000 0.00000 0.00000 0.00000 0.00000 0.00000 0.00000 0.00000 0.00000 0.00000 0.00000 0.00000 0.00000 0.00000 0.00000
0.00000 0.00000 0.00000 0.00000 0.00000 0.00000 0.00000 0.00667 0.00000 0.00000 0.00000 0.00000 0.00000 0.00000 0.00000 0.00000 0.00000 0.00000 0.00000 0.00000 0.00000 0.00000 0.00000 0.00000 0.00000 0.00000 0.00000 0.00000
0.00000 0.00000 0.00000 0.00000 0.00000 0.00000 0.00000 0.00000 0.00667 0.00000 0.00000 0.00000 0.00000 0.00000 0.00000 0.00000 0.00000 0.00000 0.00000 0.00000 0.00000 0.00000 0.00000 0.00000 0.00000 0.00000 0.00000 0.00000
0.00000 0.00000 0.00000 0.00000 0.00000 0.00000 0.00000 0.00000 0.00000 0.00667 0.00000 0.00000 0.00000 0.00000 0.00000 0.00000 0.00000 0.00000 0.00000 0.00000 0.00000 0.00000 0.00000 0.00000 0.00000 0.00000 0.00000 0.00000
0.00000 0.00000 0.00000 0.00000 0.00000 0.00000 0.00000 0.00000 0.00000 0.00000 0.00667 0.00000 0.00000 0.00000 0.00000 0.00000 0.00000 0.00000 0.00000 0.00000 0.00000 0.00000 0.00000 0.00000 0.00000 0.00000 0.00000 0.00000
0.00000 0.00000 0.00000 0.00000 0.00000 0.00000 0.00000 0.00000 0.00000 0.00000 0.00000 0.00667 0.00000 0.00000 0.00000 0.00000 0.00000 0.00000 0.00000 0.00000 0.00000 0.00000 0.00000 0.00000 0.00000 0.00000 0.00000 0.00000
0.00000 0.00000 0.00000 0.00000 0.00000 0.00000 0.00000 0.00000 0.00000 0.00000 0.00000 0.00000 0.00667 0.00000 0.00000 0.00000 0.00000 0.00000 0.00000 0.00000 0.00000 0.00000 0.00000 0.00000 0.00000 0.00000 0.00000 0.00000
0.00000 0.00000 0.00000 0.00000 0.00000 0.00000 0.00000 0.00000 0.00000 0.00000 0.00000 0.00000 0.00000 0.00667 0.00000 0.00000 0.00000 0.00000 0.00000 0.00000 0.00000 0.00000 0.00000 0.00000 0.00000 0.00000 0.00000 0.00000
0.00000 0.00000 0.00000 0.00000 0.00000 0.00000 0.00000 0.00000 0.00000 0.00000 0.00000 0.00000 0.00000 0.00000 0.00667 0.00000 0.00000 0.00000 0.00000 0.00000 0.00000 0.00000 0.00000 0.00000 0.00000 0.00000 0.00000 0.00000
0.00000 0.00000 0.00000 0.00000 0.00000 0.00000 0.00000 0.00000 0.00000 0.00000 0.00000 0.00000 0.00000 0.00000 0.00000 0.00667 0.00000 0.00000 0.00000 0.00000 0.00000 0.00000 0.00000 0.00000 0.00000 0.00000 0.00000 0.00000
0.00000 0.00000 0.00000 0.00000 0.00000 0.00000 0.00000 0.00000 0.00000 0.00000 0.00000 0.00000 0.00000 0.00000 0.00000 0.00000 0.00667 0.00000 0.00000 0.00000 0.00000 0.00000 0.00000 0.00000 0.00000 0.00000 0.00000 0.00000
0.00000 0.00000 0.00000 0.00000 0.00000 0.00000 0.00000 0.00000 0.00000 0.00000 0.00000 0.00000 0.00000 0.00000 0.00000 0.00000 0.00000 0.00667 0.00000 0.00000 0.00000 0.00000 0.00000 0.00000 0.00000 0.00000 0.00000 0.00000
0.00000 0.00000 0.00000 0.00000 0.00000 0.00000 0.00000 0.00000 0.00000 0.00000 0.00000 0.00000 0.00000 0.00000 0.00000 0.00000 0.00000 0.00000 0.00667 0.00000 0.00000 0.00000 0.00000 0.00000 0.00000 0.00000 0.00000 0.00000
0.00000 0.00000 0.00000 0.00000 0.00000 0.00000 0.00000 0.00000 0.00000 0.00000 0.00000 0.00000 0.00000 0.00000 0.00000 0.00000 0.00000 0.00000 0.00000 0.01250 0.00000 0.00000 0.00000 0.00000 0.00000 0.00000 0.00000 0.00000
0.00000 0.00000 0.00000 0.00000 0.00000 0.00000 0.00000 0.00000 0.00000 0.00000 0.00000 0.00000 0.00000 0.00000 0.00000 0.00000 0.00000 0.00000 0.00000 0.00000 0.01250 0.00000 0.00000 0.00000 0.00000 0.00000 0.00000 0.00000
0.00000 0.00000 0.00000 0.00000 0.00000 0.00000 0.00000 0.00000 0.00000 0.00000 0.00000 0.00000 0.00000 0.00000 0.00000 0.00000 0.00000 0.00000 0.00000 0.00000 0.00000 0.01250 0.00000 0.00000 0.00000 0.00000 0.00000 0.00000
0.00000 0.00000 0.00000 0.00000 0.00000 0.00000 0.00000 0.00000 0.00000 0.00000 0.00000 0.00000 0.00000 0.00000 0.00000 0.00000 0.00000 0.00000 0.00000 0.00000 0.00000 0.00000 0.01250 0.00000 0.00000 0.00000 0.00000 0.00000
0.00000 0.00000 0.00000 0.00000 0.00000 0.00000 0.00000 0.00000 0.00000 0.00000 0.00000 0.00000 0.00000 0.00000 0.00000 0.00000 0.00000 0.00000 0.00000 0.00000 0.00000 0.00000 0.00000 0.01250 0.00000 0.00000 0.00000 0.00000
0.00000 0.00000 0.00000 0.00000 0.00000 0.00000 0.00000 0.00000 0.00000 0.00000 0.00000 0.00000 0.00000 0.00000 0.00000 0.00000 0.00000 0.00000 0.00000 0.00000 0.00000 0.00000 0.00000 0.00000 0.01250 0.00000 0.00000 0.00000
0.00000 0.00000 0.00000 0.00000 0.00000 0.00000 0.00000 0.00000 0.00000 0.00000 0.00000 0.00000 0.00000 0.00000 0.00000 0.00000 0.00000 0.00000 0.00000 0.00000 0.00000 0.00000 0.00000 0.00000 0.00000 0.01250 0.00000 0.00000
0.00000 0.00000 0.00000 0.00000 0.00000 0.00000 0.00000 0.00000 0.00000 0.00000 0.00000 0.00000 0.00000 0.00000 0.00000 0.00000 0.00000 0.00000 0.00000 0.00000 0.00000 0.00000 0.00000 0.00000 0.00000 0.00000 0.01250 0.00000
0.00000 0.00000 0.00000 0.00000 0.00000 0.00000 0.00000 0.00000 0.00000 0.00000 0.00000 0.00000 0.00000 0.00000 0.00000 0.00000 0.00000 0.00000 0.00000 0.00000 0.00000 0.00000 0.00000 0.00000 0.00000 0.00000 0.00000 0.01250

SYSTEM ENERGY DATA 
total bond enegy= 11.232337744764989 Kcal·mol⁻¹. 
total_angle_energy 4.43952274368412 Kcal·mol⁻¹. 
total_torsion_energy 0.29241459726936564 Kcal·mol⁻¹. 
total_VDW_Energy -0.1981505034390153 Kcal·mol⁻¹. 
Total energy= 15.76612458227946 Kcal·mol⁻¹. 

################################## 
# Start of Geometry Optimization #
################################## 

 Predicted update step in internal coordinates s_k (prior to possible scaling): 

-0.022909 0.033433 0.048847 -0.163876 0.108103 0.009750 -0.033113 -0.043036 0.020374 -0.014306 -0.003352 0.072875 -0.030525 -0.005712 0.017818 -0.007490 -0.012163 0.003803 0.004074 0.046500 0.059415 0.039026 0.004982 0.017897 -0.002492 -0.063868 -0.050954 -0.071343 

 Scaled update step in internal coordinates s_k: 

 -0.009010  0.013149  0.019212  -0.064453  0.042517  0.003835  -0.013023  -0.016926  0.008013  -0.005627  -0.001318  0.028662  -0.012006  -0.002247  0.007008  -0.002946  -0.004784  0.001496  0.001602  0.018289  0.023368  0.015349  0.001959  0.007039  -0.000980  -0.025120  -0.020040  -0.028059 

  Iterative determination of optimal Cartesian coordinates: 
  tolerated diff for Cartsian coordinates:  1e-05 

 Iterative determination of optimal Cartesian coordinates: 
   tolerated diff for Cartsian coordinates:    1e-05 

 Initially predicted dx = BTG-sk: 

-0.001325 -0.012157 0.005213 -0.009725 -0.002888 -0.004757 0.010294 0.010182 0.012487 -0.019296 -0.013065 -0.009972 0.037966 0.028166 -0.035066 0.008567 -0.013039 0.032780 -0.008119 0.000527 -0.005529 -0.018361 0.002275 0.004844 

 current set of internals q_(k+1)^(j+1): 
1.54466  1.09490  1.08765  1.18605  1.06018  1.10561  1.12534  1.95274  1.94307  1.92104  1.95141  1.64119  2.03586  1.93340  1.87720  1.91726  1.94541  1.91095  1.87855  0.99508  -1.13492  3.10846  -3.09043  1.06276  -0.97705  -0.80515  -2.93515  1.30823  

 difference between these internals and the desired internals, s_q,k^j+1: 
-0.000057 -0.000235 -0.000085 -0.000269 -0.000018 -0.000000 -0.000011 -0.002385 0.004404 -0.000625 0.002192 -0.010454 0.004417 0.001001 -0.000309 -0.000388 0.000762 0.000547 -0.001720 0.003419 0.004426 0.003115 0.000298 0.001305 -0.000007 -0.003218 -0.002211 -0.003523 

 current set of internals q_(k+1)^(j+1): 
1.54460  1.09466  1.08756  1.18576  1.06016  1.10561  1.12533  1.95269  1.94325  1.92180  1.95116  1.64041  2.03587  1.93362  1.87717  1.91733  1.94520  1.91096  1.87850  0.99526  -1.13458  3.10883  -3.09048  1.06286  -0.97691  -0.80441  -2.93425  1.30916  

 difference between these internals and the desired internals, s_q,k^j+1: 
-0.000001 0.000000 -0.000002 0.000022 -0.000001 0.000000 0.000001 -0.002336 0.004227 -0.001382 0.002444 -0.009678 0.004408 0.000779 -0.000275 -0.000454 0.000977 0.000542 -0.001670 0.003236 0.004092 0.002737 0.000348 0.001203 -0.000152 -0.003960 -0.003104 -0.004459 

 current set of internals q_(k+1)^(j+1): 
1.54460  1.09466  1.08756  1.18578  1.06016  1.10561  1.12533  1.95270  1.94326  1.92176  1.95115  1.64044  2.03587  1.93363  1.87717  1.91733  1.94519  1.91095  1.87851  0.99526  -1.13458  3.10883  -3.09048  1.06286  -0.97691  -0.80443  -2.93427  1.30914  

 difference between these internals and the desired internals, s_q,k^j+1: 
0.000000 -0.000000 -0.000000 -0.000001 -0.000000 -0.000000 -0.000000 -0.002343 0.004220 -0.001346 0.002449 -0.009708 0.004407 0.000770 -0.000274 -0.000450 0.000981 0.000548 -0.001675 0.003235 0.004091 0.002740 0.000344 0.001200 -0.000151 -0.003940 -0.003084 -0.004436 

 current set of internals q_(k+1)^(j+1): 
1.54460  1.09466  1.08756  1.18578  1.06016  1.10561  1.12533  1.95270  1.94326  1.92176  1.95115  1.64044  2.03587  1.93363  1.87717  1.91733  1.94519  1.91095  1.87851  0.99526  -1.13458  3.10883  -3.09048  1.06286  -0.97691  -0.80443  -2.93427  1.30914  

 NEW ATOMIC COORDINATES (8) 

Atom 1: C -0.7572394455424841, 0.03762403328685052, 0.005132988124461341 
Atom 2: C 0.786306435934237, -0.002943340699085452, 0.045240148123091434 
Atom 3: H -1.1699912619390966, 0.6584736227257316, 0.8066714658881782 
Atom 4: H -1.1197509969711412, 0.346868171943325, -0.972488755385558 
Atom 5: H -1.2030676843951886, -0.969995268608346, 0.44333830279968284 
Atom 6: H 1.1292119599720745, -0.3532107745254234, 0.9852723896430368 
Atom 7: H 1.152275481162839, 1.0192743279835625, -0.1633699040969858 
Atom 8: H 1.1722555117787608, -0.6760907721066151, -0.7697966350959066 


 New set of internals q (note these are the ones that correspond to the best fit Cartesians): 

1.54460, 1.09466, 1.08756, 1.18578, 1.06016, 1.10561, 1.12533, 1.95270, 1.94326, 1.92176, 1.95115, 1.64044, 2.03587, 1.93363, 1.87717, 1.91733, 1.94519, 1.91095, 1.87851, 0.99526, -1.13458, 3.10883, -3.09048, 1.06286, -0.97691, -0.80443, -2.93427, 1.30914, 

SYSTEM ENERGY DATA 
total bond enegy= 3.291151845230416 Kcal·mol⁻¹. 
total_angle_energy 3.4031407494325014 Kcal·mol⁻¹. 
total_torsion_energy 0.24607519322162721 Kcal·mol⁻¹. 
total_VDW_Energy -0.19725497675310374 Kcal·mol⁻¹. 
Total energy= 6.743112811131441 Kcal·mol⁻¹. 

 0 ITERATION WILSON B MATRIX 

-0.99932 0.02626 -0.02597 0.99932 -0.02626 0.02597 0.00000 0.00000 0.00000 0.00000 0.00000 0.00000 0.00000 0.00000 0.00000 0.00000 0.00000 0.00000 0.00000 0.00000 0.00000 0.00000 0.00000 0.00000
0.37706 -0.56716 -0.73223 0.00000 0.00000 0.00000 -0.37706 0.56716 0.73223 0.00000 0.00000 0.00000 0.00000 0.00000 0.00000 0.00000 0.00000 0.00000 0.00000 0.00000 0.00000 0.00000 0.00000 0.00000
0.33332 -0.28435 0.89891 0.00000 0.00000 0.00000 0.00000 0.00000 0.00000 -0.33332 0.28435 -0.89891 0.00000 0.00000 0.00000 0.00000 0.00000 0.00000 0.00000 0.00000 0.00000 0.00000 0.00000 0.00000
0.37598 0.84975 -0.36955 0.00000 0.00000 0.00000 0.00000 0.00000 0.00000 0.00000 0.00000 0.00000 -0.37598 -0.84975 0.36955 0.00000 0.00000 0.00000 0.00000 0.00000 0.00000 0.00000 0.00000 0.00000
0.00000 0.00000 0.00000 -0.32345 0.33039 -0.88669 0.00000 0.00000 0.00000 0.00000 0.00000 0.00000 0.00000 0.00000 0.00000 0.32345 -0.33039 0.88669 0.00000 0.00000 0.00000 0.00000 0.00000 0.00000
0.00000 0.00000 0.00000 -0.33101 -0.92457 0.18868 0.00000 0.00000 0.00000 0.00000 0.00000 0.00000 0.00000 0.00000 0.00000 0.00000 0.00000 0.00000 0.33101 0.92457 -0.18868 0.00000 0.00000 0.00000
0.00000 0.00000 0.00000 -0.34297 0.59818 0.72426 0.00000 0.00000 0.00000 0.00000 0.00000 0.00000 0.00000 0.00000 0.00000 0.00000 0.00000 0.00000 0.00000 0.00000 0.00000 0.34297 -0.59818 -0.72426
0.84221 0.57110 0.81182 0.00323 -0.38887 -0.51761 -0.84544 -0.18223 -0.29421 0.00000 0.00000 0.00000 0.00000 0.00000 0.00000 0.00000 0.00000 0.00000 0.00000 0.00000 0.00000 0.00000 0.00000 0.00000
0.88784 0.26722 -0.91553 -0.02108 -0.19100 0.61824 0.00000 0.00000 0.00000 -0.86676 -0.07622 0.29729 0.00000 0.00000 0.00000 0.00000 0.00000 0.00000 0.00000 0.00000 0.00000 0.00000 0.00000 0.00000
0.75903 -0.87804 0.39836 0.02234 0.59208 -0.26094 0.00000 0.00000 0.00000 0.00000 0.00000 0.00000 -0.78137 0.28596 -0.13742 0.00000 0.00000 0.00000 0.00000 0.00000 0.00000 0.00000 0.00000 0.00000
-0.96159 1.15308 -0.22232 0.00000 0.00000 0.00000 0.46566 -0.48691 0.61694 0.49593 -0.66617 -0.39462 0.00000 0.00000 0.00000 0.00000 0.00000 0.00000 0.00000 0.00000 0.00000 0.00000 0.00000 0.00000
-0.70920 -0.31254 1.02582 0.00000 0.00000 0.00000 0.36833 0.74201 -0.38507 0.00000 0.00000 0.00000 0.34087 -0.42948 -0.64074 0.00000 0.00000 0.00000 0.00000 0.00000 0.00000 0.00000 0.00000 0.00000
-1.01419 -0.83429 -0.72635 0.00000 0.00000 0.00000 0.00000 0.00000 0.00000 0.54058 0.74299 0.03457 0.47361 0.09130 0.69178 0.00000 0.00000 0.00000 0.00000 0.00000 0.00000 0.00000 0.00000 0.00000
0.02163 0.22234 -0.60766 -0.91406 -0.31416 0.89898 0.00000 0.00000 0.00000 0.00000 0.00000 0.00000 0.00000 0.00000 0.00000 0.89243 0.09182 -0.29133 0.00000 0.00000 0.00000 0.00000 0.00000 0.00000
-0.02011 -0.63320 0.13344 -0.83319 0.92265 -0.21206 0.00000 0.00000 0.00000 0.00000 0.00000 0.00000 0.00000 0.00000 0.00000 0.00000 0.00000 0.00000 0.85330 -0.28945 0.07862 0.00000 0.00000 0.00000
-0.00245 0.40561 0.50461 -0.83164 -0.57274 -0.76154 0.00000 0.00000 0.00000 0.00000 0.00000 0.00000 0.00000 0.00000 0.00000 0.00000 0.00000 0.00000 0.00000 0.00000 0.00000 0.83409 0.16713 0.25694
0.00000 0.00000 0.00000 0.88731 0.82208 0.93204 0.00000 0.00000 0.00000 0.00000 0.00000 0.00000 0.00000 0.00000 0.00000 -0.45535 -0.81456 -0.13741 -0.43196 -0.00751 -0.79462 0.00000 0.00000 0.00000
0.00000 0.00000 0.00000 0.86390 -1.20839 0.17937 0.00000 0.00000 0.00000 0.00000 0.00000 0.00000 0.00000 0.00000 0.00000 -0.45114 0.70882 0.42869 0.00000 0.00000 0.00000 -0.41276 0.49957 -0.60805
0.00000 0.00000 0.00000 0.82614 0.39122 -1.12207 0.00000 0.00000 0.00000 0.00000 0.00000 0.00000 0.00000 0.00000 0.00000 0.00000 0.00000 0.00000 -0.42064 0.30194 0.74160 -0.40550 -0.69316 0.38047
-0.04941 -1.22518 0.66224 0.02926 1.38573 0.27568 0.03603 0.78666 -0.59077 0.00000 0.00000 0.00000 0.00000 0.00000 0.00000 -0.01587 -0.94721 -0.34715 0.00000 0.00000 0.00000 0.00000 0.00000 0.00000
