ATOM DATA (5) 
Atom 1: C -0.0127, 1.0858, 0.008 
Atom 2: H 0.2021, -0.0041, 0.102 
Atom 3: H 1.0099, 1.4631, 0.2003 
Atom 4: H -0.5899, 1.4969, -0.8751 
Atom 5: H -0.5229, 1.4373, 0.9048 

BONDS DATA (4) 
 C 1 --- H 2 bond_type:  1 bond_distance:  1.114834987789673 Å bond energy:  0.008181987424200284 Kcal/mol. 
 C 1 --- H 3 bond_type:  1 bond_distance:  1.1068176633935691 Å bond energy:  0.003544543196820701 Kcal/mol. 
 C 1 --- H 4 bond_type:  1 bond_distance:  1.1322670444731666 Å bond energy:  0.17353744434949148 Kcal/mol. 
 C 1 --- H 5 bond_type:  1 bond_distance:  1.0900029954087282 Å bond energy:  0.1399580674181716 Kcal/mol. 

Angles DATA (6) 
H 2 --- C 1 --- H 3 angle value in radias = 1.7118633839617028 angle value in degrees = 98.08254700398871 angle energy: 1.3898285995602928. 
H 2 --- C 1 --- H 4 angle value in radias = 2.116405473477298 angle value in degrees = 121.26110136863588 angle energy: 1.4747512259135156. 
H 2 --- C 1 --- H 5 angle value in radias = 1.9135446217080687 angle value in degrees = 109.63803073383002 angle energy: 0.00020313014255485688. 
H 3 --- C 1 --- H 4 angle value in radias = 2.0745594610155322 angle value in degrees = 118.86350146512484 angle energy: 0.9347583323176651. 
H 3 --- C 1 --- H 5 angle value in radias = 1.7513586941592354 angle value in degrees = 100.34546158886732 angle energy: 0.893502314938904. 
H 4 --- C 1 --- H 5 angle value in radias = 1.860847106881903 angle value in degrees = 106.61868554346265 angle energy: 0.08851239577678753. 

TORSIONS DATA (0) 

VDW INTERACTIONS DATA (0) 

  INITIAL WILSON B MATRIX 

-0.19267 0.97763 -0.08432 0.19267 -0.97763 0.08432 0.00000 0.00000 0.00000 0.00000 0.00000 0.00000 0.00000 0.00000 0.00000
-0.92391 -0.34089 -0.17374 0.00000 0.00000 0.00000 0.92391 0.34089 0.17374 0.00000 0.00000 0.00000 0.00000 0.00000 0.00000
0.50977 -0.36308 0.77994 0.00000 0.00000 0.00000 0.00000 0.00000 0.00000 -0.50977 0.36308 -0.77994 0.00000 0.00000 0.00000
0.46807 -0.32248 -0.82275 0.00000 0.00000 0.00000 0.00000 0.00000 0.00000 0.00000 0.00000 0.00000 -0.46807 0.32248 0.82275
1.15597 -0.66410 0.26739 -0.86160 -0.18431 -0.16815 -0.29437 0.84841 -0.09924 0.00000 0.00000 0.00000 0.00000 0.00000 0.00000
-0.50426 -0.96679 -1.10357 0.43001 0.15137 0.77251 0.00000 0.00000 0.00000 0.07425 0.81541 0.33106 0.00000 0.00000 0.00000
-0.34967 -0.85253 1.16204 0.38412 0.00579 -0.81057 0.00000 0.00000 0.00000 0.00000 0.00000 0.00000 -0.03445 0.84673 -0.35147
0.61777 1.06485 -0.92257 0.00000 0.00000 0.00000 0.06580 -0.54433 0.71810 -0.68357 -0.52052 0.20447 0.00000 0.00000 0.00000
0.50573 0.72431 1.08411 0.00000 0.00000 0.00000 0.27750 -0.35239 -0.78429 0.00000 0.00000 0.00000 -0.78324 -0.37192 -0.29982
-1.18203 0.82885 0.03128 0.00000 0.00000 0.00000 0.00000 0.00000 0.00000 0.56579 -0.39293 -0.55272 0.61624 -0.43592 0.52144

 INITIAL  G MATRIX 

2.00000 -0.14060 -0.51894 -0.33608 -0.89452 -0.75496 -0.86407 0.99980 0.51926 1.03542
-0.14060 2.00000 -0.48272 -0.17958 -0.88808 0.98719 0.41178 -0.77347 -0.90251 0.80411
-0.51894 -0.48272 2.00000 -0.28600 1.03895 -0.76676 1.03760 -0.79125 0.84037 -0.87911
-0.33608 -0.17958 -0.28600 2.00000 0.53524 0.98370 -0.84482 0.70482 -0.88880 -0.84629
-0.89452 -0.88808 1.03895 0.53524 3.46968 -0.76424 0.27694 -0.79218 0.09064 -1.90846
-0.75496 0.98719 -0.76676 0.98370 -0.76424 3.99144 -0.74198 -0.73038 -2.15167 -0.70116
-0.86407 0.41178 1.03760 -0.84482 0.27694 -0.74198 3.84568 -2.19589 0.28290 -0.83056
0.99980 -0.77347 -0.79125 0.70482 -0.79218 -0.73038 -2.19589 3.96300 -0.26958 -0.17172
0.51926 -0.90251 0.84037 -0.88880 0.09064 -2.15167 0.28290 -0.26958 3.61365 -0.44042
1.03542 0.80411 -0.87911 -0.84629 -1.90846 -0.70116 -0.83056 -0.17172 -0.44042 3.70685

 INITIAL G MATRIX INVERSE 

0.79868 0.02838 0.10445 0.06761 0.10144 0.09747 0.09597 -0.10663 -0.08901 -0.11239
0.02838 0.79907 0.09646 0.03668 0.12346 -0.11240 -0.09300 0.11702 0.11472 -0.10950
0.10445 0.09646 0.79966 0.05696 -0.10442 0.07852 -0.09722 0.07932 -0.08963 0.08488
0.06761 0.03668 0.05696 0.79907 -0.10321 -0.11357 0.11719 -0.10371 0.11661 0.12978
0.10144 0.12346 -0.10442 -0.10321 0.30977 -0.06480 -0.09136 -0.05305 -0.06897 -0.03506
0.09747 -0.11240 0.07852 -0.11357 -0.06480 0.23283 -0.06387 -0.06922 -0.00053 -0.07348
0.09597 -0.09300 -0.09722 0.11719 -0.09136 -0.06387 0.30287 0.00859 -0.08394 -0.04764
-0.10663 0.11702 0.07932 -0.10371 -0.05305 -0.06922 0.00859 0.26601 -0.06814 -0.08388
-0.08901 0.11472 -0.08963 0.11661 -0.06897 -0.00053 -0.08394 -0.06814 0.33436 -0.05147
-0.11239 -0.10950 0.08488 0.12978 -0.03506 -0.07348 -0.04764 -0.08388 -0.05147 0.27007

 INITIAL GRADIENT INTERNAL COORDINATES 

[3.38449145], [-2.22763562], [15.58693113], [-13.99790321], [-14.27572074], [13.98264769], [-0.13171191], [11.10320431], [-11.45112095], [-3.87600997], 

 GRMS = [1.36722003]


  INITIALIZE M HESSIAN MATRIX INVERSE GUESS 

0.00167 0.00000 0.00000 0.00000 0.00000 0.00000 0.00000 0.00000 0.00000 0.00000
0.00000 0.00167 0.00000 0.00000 0.00000 0.00000 0.00000 0.00000 0.00000 0.00000
0.00000 0.00000 0.00167 0.00000 0.00000 0.00000 0.00000 0.00000 0.00000 0.00000
0.00000 0.00000 0.00000 0.00167 0.00000 0.00000 0.00000 0.00000 0.00000 0.00000
0.00000 0.00000 0.00000 0.00000 0.00667 0.00000 0.00000 0.00000 0.00000 0.00000
0.00000 0.00000 0.00000 0.00000 0.00000 0.00667 0.00000 0.00000 0.00000 0.00000
0.00000 0.00000 0.00000 0.00000 0.00000 0.00000 0.00667 0.00000 0.00000 0.00000
0.00000 0.00000 0.00000 0.00000 0.00000 0.00000 0.00000 0.00667 0.00000 0.00000
0.00000 0.00000 0.00000 0.00000 0.00000 0.00000 0.00000 0.00000 0.00667 0.00000
0.00000 0.00000 0.00000 0.00000 0.00000 0.00000 0.00000 0.00000 0.00000 0.00667

SYSTEM ENERGY DATA 
total bond enegy= 0.3252220423886841 Kcal·mol⁻¹. 
total_angle_energy 4.78155599864972 Kcal·mol⁻¹. 
total_torsion_energy 0 Kcal·mol⁻¹. 
total_VDW_Energy 0 Kcal·mol⁻¹. 
Total energy= 5.106778041038404 Kcal·mol⁻¹. 

################################## 
# Start of Geometry Optimization #
################################## 

 Predicted update step in internal coordinates s_k (prior to possible scaling): 

-0.005652 0.003720 -0.026030 0.023376 0.095219 -0.093264 0.000879 -0.074058 0.076379 0.025853 

 Scaled update step in internal coordinates s_k: 

 -0.002030  0.001336  -0.009347  0.008394  0.034191  -0.033489  0.000315  -0.026593  0.027426  0.009283 

  Iterative determination of optimal Cartesian coordinates: 
  tolerated diff for Cartsian coordinates:  1e-05 

 Iterative determination of optimal Cartesian coordinates: 
   tolerated diff for Cartsian coordinates:    1e-05 

 Initially predicted dx = BTG-sk: 

0.004338 0.001930 0.007990 -0.016375 -0.001525 -0.008804 0.005464 0.014761 -0.015482 0.017848 -0.011616 0.004838 -0.011275 -0.003550 0.011457 

 current set of internals q_(k+1)^(j+1): 
1.11313  1.10848  1.12305  1.09850  1.74579  2.08284  1.91348  2.04784  1.77867  1.87023  

 difference between these internals and the desired internals, s_q,k^j+1: 
-0.000323 -0.000323 -0.000128 -0.000098 0.000260 0.000077 0.000379 0.000125 0.000111 -0.000100 

 current set of internals q_(k+1)^(j+1): 
1.11281  1.10815  1.12292  1.09840  1.74593  2.08275  1.91374  2.04783  1.77868  1.86999  

 difference between these internals and the desired internals, s_q,k^j+1: 
-0.000003 -0.000001 0.000001 -0.000000 0.000124 0.000164 0.000125 0.000140 0.000106 0.000141 

 current set of internals q_(k+1)^(j+1): 
1.11281  1.10815  1.12292  1.09840  1.74592  2.08276  1.91374  2.04783  1.77868  1.86999  

 NEW ATOMIC COORDINATES (5) 

Atom 1: C -0.008272554290216765, 1.087654367349657, 0.016038130449520488 
Atom 2: H 0.18572502776519212, -0.005397360777000145, 0.09309949904195756 
Atom 3: H 1.015125728167567, 1.4777531551666065, 0.1848067965861271 
Atom 4: H -0.5719601781913409, 1.4851864614785317, -0.8700622581836841 
Atom 5: H -0.5341180234512013, 1.433803376782205, 0.916117832106079 


 New set of internals q (note these are the ones that correspond to the best fit Cartesians): 

1.11281, 1.10815, 1.12292, 1.09840, 1.74592, 2.08276, 1.91374, 2.04783, 1.77868, 1.86999, 

SYSTEM ENERGY DATA 
total bond enegy= 0.10949239179092618 Kcal·mol⁻¹. 
total_angle_energy 3.313827918063536 Kcal·mol⁻¹. 
total_torsion_energy 0 Kcal·mol⁻¹. 
total_VDW_Energy 0 Kcal·mol⁻¹. 
Total energy= 3.4233203098544625 Kcal·mol⁻¹. 

 0 ITERATION WILSON B MATRIX 

-0.17433 0.98225 -0.06925 0.17433 -0.98225 0.06925 0.00000 0.00000 0.00000 0.00000 0.00000 0.00000 0.00000 0.00000 0.00000
-0.92352 -0.35203 -0.15230 0.00000 0.00000 0.00000 0.92352 0.35203 0.15230 0.00000 0.00000 0.00000 0.00000 0.00000 0.00000
0.50198 -0.35402 0.78910 0.00000 0.00000 0.00000 0.00000 0.00000 0.00000 -0.50198 0.35402 -0.78910 0.00000 0.00000 0.00000
0.47874 -0.31514 -0.81945 0.00000 0.00000 0.00000 0.00000 0.00000 0.00000 0.00000 0.00000 0.00000 -0.47874 0.31514 0.81945
1.17773 -0.67887 0.23777 -0.87051 -0.16508 -0.15000 -0.30722 0.84394 -0.08778 0.00000 0.00000 0.00000 0.00000 0.00000 0.00000
-0.50253 -0.95731 -1.10258 0.42941 0.13109 0.77843 0.00000 0.00000 0.00000 0.07312 0.82622 0.32415 0.00000 0.00000 0.00000
-0.38797 -0.86156 1.13745 0.40087 0.01446 -0.80413 0.00000 0.00000 0.00000 0.00000 0.00000 0.00000 -0.01291 0.84711 -0.33332
0.61554 1.03963 -0.94107 0.00000 0.00000 0.00000 0.07919 -0.52380 0.73054 -0.69473 -0.51583 0.21053 0.00000 0.00000 0.00000
0.50162 0.74570 1.08380 0.00000 0.00000 0.00000 0.26574 -0.35765 -0.78473 0.00000 0.00000 0.00000 -0.76735 -0.38806 -0.29907
-1.19674 0.81672 0.02522 0.00000 0.00000 0.00000 0.00000 0.00000 0.00000 0.58404 -0.39093 -0.54692 0.61270 -0.42578 0.52170

 0 ITERATION  G MATRIX 

2.00000 -0.17423 -0.48989 -0.33626 -0.88860 -0.77636 -0.85740 0.97903 0.56997 1.00910
-0.17423 2.00000 -0.45915 -0.20639 -0.88488 0.96902 0.48836 -0.79112 -0.89082 0.81386
-0.48989 -0.45915 2.00000 -0.29475 1.01916 -0.78341 1.00782 -0.80166 0.84304 -0.86997
-0.33626 -0.20639 -0.29475 2.00000 0.58292 0.96461 -0.84630 0.73822 -0.88297 -0.85097
-0.88860 -0.88488 1.01916 0.58292 3.52631 -0.71633 0.16769 -0.73510 0.02764 -1.95788
-0.77636 0.96902 -0.78341 0.96461 -0.71633 3.98526 -0.68631 -0.67571 -2.16092 -0.66583
-0.85740 0.48836 1.00782 -0.84630 0.16769 -0.68631 3.82300 -2.20494 0.17654 -0.75315
0.97903 -0.79112 -0.80166 0.73822 -0.73510 -0.67571 -2.20494 3.95272 -0.30082 -0.23054
0.56997 -0.89082 0.84304 -0.88297 0.02764 -2.16092 0.17654 -0.30082 3.62550 -0.42489
1.00910 0.81386 -0.86997 -0.85097 -1.95788 -0.66583 -0.75315 -0.23054 -0.42489 3.72176

 0 ITERATION G MATRIX INVERSE 

0: 0.79901 0.03506 0.09846 0.06755 0.10264 0.09895 0.09790 -0.10641 -0.09190 -0.11142
1: 0.03506 0.79929 0.09176 0.04185 0.12038 -0.11137 -0.09498 0.11475 0.11381 -0.10899
2: 0.09846 0.09176 0.79976 0.05877 -0.10488 0.08243 -0.09877 0.08276 -0.09270 0.08775
3: 0.06755 0.04185 0.05877 0.79930 -0.10315 -0.11206 0.11500 -0.10387 0.11505 0.12469
4: 0.10264 0.12038 -0.10488 -0.10315 0.30445 -0.06453 -0.08675 -0.05554 -0.06993 -0.02980
5: 0.09895 -0.11137 0.08243 -0.11206 -0.06453 0.23873 -0.06451 -0.06963 -0.00160 -0.07219
6: 0.09790 -0.09498 -0.09877 0.11500 -0.08675 -0.06451 0.29976 0.00658 -0.08111 -0.05195
7: -0.10641 0.11475 0.08276 -0.10387 -0.05554 -0.06963 0.00658 0.26638 -0.06757 -0.08089
8: -0.09190 0.11381 -0.09270 0.11505 -0.06993 -0.00160 -0.08111 -0.06757 0.32697 -0.05572
9: -0.11142 -0.10899 0.08775 0.12469 -0.02980 -0.07219 -0.05195 -0.08089 -0.05572 0.27020

 ITERATION 0 GRMS= 10.708249469023722 


 0 ITERATION GRADIENT INTERNAL COORDINATES 

[3.38449145], [-2.22763562], [15.58693113], [-13.99790321], [-14.27572074], [13.98264769], [-0.13171191], [11.10320431], [-11.45112095], [-3.87600997], 

 INTERNAL GRADIENT RMS = [1.1312047]


 Change in the gradient in terms of the internal coordinates: (vector yk) 

[-1.42079371], [0.9350199], [-6.54290759], [5.87583313], [2.48649595], [-2.22836474], [0.10466388], [-1.76602306], [1.98865208], [0.75273655], 

 Change in the structure in terms of the internal coordinates: (vector sk) 

-0.0020297053016016253, 0.001335742711977339, -0.009347010838669512, 0.008394047332388022, 0.03405878120429029, -0.033646509716144024, 0.0001935400167238921, -0.026729762641449106, 0.02731788927628065, 0.009138735552387312, 

 Product of the inverse Hessian and the change in gradient, vector vk: 

[-0.00237273], [0.00156148], [-0.01092666], [0.00981264], [0.01658493], [-0.01486319], [0.00069811], [-0.01177937], [0.01326431], [0.00502075], 

 0 ITERATION M HESSIAN MATRIX INVERSE 

0.001663 0.000005 -0.000033 0.000029 -0.000004 0.000012 0.000003 0.000010 -0.000003 0.000002
0.000005 0.001667 0.000022 -0.000019 0.000003 -0.000008 -0.000002 -0.000006 0.000002 -0.000001
-0.000033 0.000022 0.001519 0.000135 -0.000018 0.000055 0.000015 0.000044 -0.000015 0.000009
0.000029 -0.000019 0.000135 0.001548 0.000016 -0.000049 -0.000013 -0.000040 0.000014 -0.000008
-0.000004 0.000003 -0.000018 0.000016 0.008803 -0.002243 -0.000042 -0.001784 0.001715 0.000522
0.000012 -0.000008 0.000055 -0.000049 -0.002243 0.009019 0.000040 0.001869 -0.001802 -0.000552
0.000003 -0.000002 0.000015 -0.000013 -0.000042 0.000040 0.006669 0.000032 -0.000033 -0.000011
0.000010 -0.000006 0.000044 -0.000040 -0.001784 0.001869 0.000032 0.008157 -0.001434 -0.000439
-0.000003 0.000002 -0.000015 0.000014 0.001715 -0.001802 -0.000033 -0.001434 0.008048 0.000419
0.000002 -0.000001 0.000009 -0.000008 0.000522 -0.000552 -0.000011 -0.000439 0.000419 0.006796

SYSTEM ENERGY DATA 
total bond enegy= 0.10949239179092618 Kcal·mol⁻¹. 
total_angle_energy 3.313827918063536 Kcal·mol⁻¹. 
total_torsion_energy 0 Kcal·mol⁻¹. 
total_VDW_Energy 0 Kcal·mol⁻¹. 
Total energy= 3.4233203098544625 Kcal·mol⁻¹. 

################################## 
# Start of Geometry Optimization #
################################## 

 Predicted update step in internal coordinates s_k (prior to possible scaling): 

-0.003027 0.001993 -0.013942 0.012521 0.164968 -0.169620 -0.001683 -0.134856 0.132510 0.041773 

 Scaled update step in internal coordinates s_k: 

 -0.000625  0.000411  -0.002878  0.002585  0.034059  -0.035019  -0.000348  -0.027842  0.027358  0.008624 

  Iterative determination of optimal Cartesian coordinates: 
  tolerated diff for Cartsian coordinates:  1e-05 

 Iterative determination of optimal Cartesian coordinates: 
   tolerated diff for Cartsian coordinates:    1e-05 

 Initially predicted dx = BTG-sk: 

0.004823 0.002075 0.010286 -0.016209 -0.002244 -0.007042 0.004451 0.014718 -0.013976 0.015194 -0.009437 0.002172 -0.008259 -0.005112 0.008561 

 current set of internals q_(k+1)^(j+1): 
1.11252  1.10890  1.12017  1.10108  1.78014  2.04831  1.91340  2.02036  1.80639  1.87911  

 difference between these internals and the desired internals, s_q,k^j+1: 
-0.000342 -0.000338 -0.000133 -0.000099 -0.000156 -0.000569 -0.000011 -0.000373 -0.000355 -0.000499 

 current set of internals q_(k+1)^(j+1): 
1.11218  1.10857  1.12004  1.10098  1.78032  2.04812  1.91370  2.02032  1.80632  1.87897  

 difference between these internals and the desired internals, s_q,k^j+1: 
-0.000004 -0.000001 0.000000 0.000001 -0.000339 -0.000376 -0.000308 -0.000337 -0.000284 -0.000362 

 current set of internals q_(k+1)^(j+1): 
1.11218  1.10856  1.12004  1.10098  1.78031  2.04812  1.91370  2.02033  1.80632  1.87897  

 NEW ATOMIC COORDINATES (5) 

Atom 1: C -0.0033706332698418195, 1.0896529187017778, 0.026383878659240884 
Atom 2: H 0.16949196304309364, -0.007397322762073641, 0.08591543898495016 
Atom 3: H 1.0193011961462106, 1.4923811004362142, 0.17084154318841072 
Atom 4: H -0.5566482600396373, 1.4756044264776567, -0.8677181410621977 
Atom 5: H -0.542274265879825, 1.4287588771464248, 0.924577280229596 


 New set of internals q (note these are the ones that correspond to the best fit Cartesians): 

1.11218, 1.10856, 1.12004, 1.10098, 1.78031, 2.04812, 1.91370, 2.02033, 1.80632, 1.87897, 

SYSTEM ENERGY DATA 
total bond enegy= 0.06613974579435625 Kcal·mol⁻¹. 
total_angle_energy 2.0941199984141026 Kcal·mol⁻¹. 
total_torsion_energy 0 Kcal·mol⁻¹. 
total_VDW_Energy 0 Kcal·mol⁻¹. 
Total energy= 2.160259744208459 Kcal·mol⁻¹. 

 1 ITERATION WILSON B MATRIX 

-0.15543 0.98640 -0.05353 0.15543 -0.98640 0.05353 0.00000 0.00000 0.00000 0.00000 0.00000 0.00000 0.00000 0.00000 0.00000
-0.92252 -0.36329 -0.13031 0.00000 0.00000 0.00000 0.92252 0.36329 0.13031 0.00000 0.00000 0.00000 0.00000 0.00000 0.00000
0.49398 -0.34459 0.79828 0.00000 0.00000 0.00000 0.00000 0.00000 0.00000 -0.49398 0.34459 -0.79828 0.00000 0.00000 0.00000
0.48948 -0.30800 -0.81581 0.00000 0.00000 0.00000 0.00000 0.00000 0.00000 0.00000 0.00000 0.00000 -0.48948 0.30800 0.81581
1.19802 -0.69465 0.20438 -0.87773 -0.14536 -0.13002 -0.32029 0.84001 -0.07436 0.00000 0.00000 0.00000 0.00000 0.00000 0.00000
-0.49965 -0.94228 -1.09801 0.42777 0.10990 0.78319 0.00000 0.00000 0.00000 0.07188 0.83238 0.31483 0.00000 0.00000 0.00000
-0.42624 -0.87401 1.11221 0.41742 0.02258 -0.79605 0.00000 0.00000 0.00000 0.00000 0.00000 0.00000 0.00882 0.85143 -0.31616
0.60846 1.01181 -0.95751 0.00000 0.00000 0.00000 0.09325 -0.50324 0.74282 -0.70171 -0.50857 0.21469 0.00000 0.00000 0.00000
0.50063 0.77084 1.08455 0.00000 0.00000 0.00000 0.25438 -0.36437 -0.78502 0.00000 0.00000 0.00000 -0.75501 -0.40647 -0.29953
-1.21138 0.80402 0.01248 0.00000 0.00000 0.00000 0.00000 0.00000 0.00000 0.59901 -0.38652 -0.53752 0.61237 -0.41750 0.52504

 1 ITERATION  G MATRIX 

2.00000 -0.20799 -0.45941 -0.33622 -0.88234 -0.79303 -0.85540 0.95473 0.62449 0.98070
-0.20799 2.00000 -0.43454 -0.23335 -0.87947 0.94633 0.56580 -0.80412 -0.88321 0.82380
-0.45941 -0.43454 2.00000 -0.30332 0.99431 -0.79864 0.97847 -0.81245 0.84745 -0.86549
-0.33622 -0.23335 -0.30332 2.00000 0.63362 0.94143 -0.84679 0.76733 -0.87716 -0.85076
-0.88234 -0.87947 0.99431 0.63362 3.58173 -0.66171 0.05764 -0.67743 -0.04321 -2.00722
-0.79303 0.94633 -0.79864 0.94143 -0.66171 3.94875 -0.62711 -0.61223 -2.16734 -0.61395
-0.85540 0.56580 0.97847 -0.84679 0.05764 -0.62711 3.81600 -2.20863 0.06110 -0.68858
0.95473 -0.80412 -0.81245 0.76733 -0.67743 -0.61223 -2.20863 3.92167 -0.32995 -0.27467
0.62449 -0.88321 0.84745 -0.87716 -0.04321 -2.16734 0.06110 -0.32995 3.65977 -0.42306
0.98070 0.82380 -0.86549 -0.85076 -2.00722 -0.61395 -0.68858 -0.27467 -0.42306 3.73616

 1 ITERATION G MATRIX INVERSE 

0: 0.79936 0.04175 0.09218 0.06744 0.10359 0.10067 0.09943 -0.10622 -0.09466 -0.11032
1: 0.04175 0.79953 0.08686 0.04704 0.11729 -0.11035 -0.09698 0.11284 0.11228 -0.10840
2: 0.09218 0.08686 0.79986 0.06056 -0.10515 0.08659 -0.10011 0.08651 -0.09549 0.09056
3: 0.06744 0.04704 0.06056 0.79954 -0.10330 -0.11077 0.11296 -0.10423 0.11326 0.12030
4: 0.10359 0.11729 -0.10515 -0.10330 0.29933 -0.06471 -0.08242 -0.05791 -0.07037 -0.02479
5: 0.10067 -0.11035 0.08659 -0.11077 -0.06471 0.24675 -0.06539 -0.07041 -0.00267 -0.07159
6: 0.09943 -0.09698 -0.10011 0.11296 -0.08242 -0.06539 0.29553 0.00422 -0.07777 -0.05537
7: -0.10622 0.11284 0.08651 -0.10423 -0.05791 -0.07041 0.00422 0.26850 -0.06729 -0.07855
8: -0.09466 0.11228 -0.09549 0.11326 -0.07037 -0.00267 -0.07777 -0.06729 0.31732 -0.05890
9: -0.11032 -0.10840 0.09056 0.12030 -0.02479 -0.07159 -0.05537 -0.07855 -0.05890 0.27116

 ITERATION 1 GRMS= 8.493415316650763 


 1 ITERATION GRADIENT INTERNAL COORDINATES 

[1.96369774], [-1.29261573], [9.04402354], [-8.12207008], [-11.78922479], [11.75428295], [-0.02704803], [9.33718125], [-9.46246887], [-3.12327342], 

 INTERNAL GRADIENT RMS = [0.90289223]


 Change in the gradient in terms of the internal coordinates: (vector yk) 

[-0.43758326], [0.28789998], [-2.01492399], [1.80946963], [2.49641412], [-2.31770586], [0.07857091], [-1.83303017], [2.00593971], [0.72657817], 

 Change in the structure in terms of the internal coordinates: (vector sk) 

-0.0006251189467694207, 0.00041128568538484345, -0.0028784628397129364, 0.002584956620101053, 0.03439021463237202, -0.03463635606942628, -3.8404134107716814e-05, -0.02750037870449873, 0.027638728351845332, 0.008982830022634447, 

 Product of the inverse Hessian and the change in gradient, vector vk: 

[-0.00066744], [0.00043912], [-0.0030733], [0.00275992], [0.03432935], [-0.03415044], [0.00013735], [-0.02709815], [0.02758979], [0.00912938], 

 1 ITERATION M HESSIAN MATRIX INVERSE 

0.001663 0.000005 -0.000034 0.000030 0.000001 0.000008 0.000004 0.000006 0.000001 0.000004
0.000005 0.001667 0.000022 -0.000020 -0.000001 -0.000005 -0.000002 -0.000004 -0.000001 -0.000002
-0.000034 0.000022 0.001515 0.000139 0.000006 0.000035 0.000016 0.000029 0.000004 0.000017
0.000030 -0.000020 0.000139 0.001545 -0.000005 -0.000031 -0.000015 -0.000026 -0.000003 -0.000015
0.000001 -0.000001 0.000006 -0.000005 0.008800 -0.002290 -0.000062 -0.001824 0.001712 0.000501
0.000008 -0.000005 0.000035 -0.000031 -0.002290 0.009118 0.000061 0.001949 -0.001840 -0.000545
0.000004 -0.000002 0.000016 -0.000015 -0.000062 0.000061 0.006670 0.000049 -0.000050 -0.000017
0.000006 -0.000004 0.000029 -0.000026 -0.001824 0.001949 0.000049 0.008222 -0.001466 -0.000434
0.000001 -0.000001 0.000004 -0.000003 0.001712 -0.001840 -0.000050 -0.001466 0.008046 0.000403
0.000004 -0.000002 0.000017 -0.000015 0.000501 -0.000545 -0.000017 -0.000434 0.000403 0.006786

SYSTEM ENERGY DATA 
total bond enegy= 0.06613974579435625 Kcal·mol⁻¹. 
total_angle_energy 2.0941199984141026 Kcal·mol⁻¹. 
total_torsion_energy 0 Kcal·mol⁻¹. 
total_VDW_Energy 0 Kcal·mol⁻¹. 
Total energy= 2.160259744208459 Kcal·mol⁻¹. 

################################## 
# Start of Geometry Optimization #
################################## 

 Predicted update step in internal coordinates s_k (prior to possible scaling): 

-0.002198 0.001447 -0.010123 0.009091 0.130965 -0.137439 -0.002500 -0.109385 0.105183 0.032101 

 Scaled update step in internal coordinates s_k: 

 -0.000566  0.000373  -0.002607  0.002342  0.033731  -0.035399  -0.000644  -0.028173  0.027091  0.008268 

  Iterative determination of optimal Cartesian coordinates: 
  tolerated diff for Cartsian coordinates:  1e-05 

 Iterative determination of optimal Cartesian coordinates: 
   tolerated diff for Cartsian coordinates:    1e-05 

 Initially predicted dx = BTG-sk: 

0.004993 0.001935 0.010497 -0.016240 -0.001800 -0.007246 0.003880 0.014533 -0.013885 0.015303 -0.009629 0.002391 -0.007936 -0.005039 0.008243 

 current set of internals q_(k+1)^(j+1): 
1.11196  1.10928  1.11757  1.10342  1.81419  2.01332  1.91310  1.99258  1.83379  1.88776  

 difference between these internals and the desired internals, s_q,k^j+1: 
-0.000350 -0.000340 -0.000134 -0.000098 -0.000150 -0.000599 -0.000043 -0.000421 -0.000384 -0.000522 

 current set of internals q_(k+1)^(j+1): 
1.11162  1.10894  1.11743  1.10332  1.81441  2.01312  1.91339  1.99252  1.83372  1.88762  

 difference between these internals and the desired internals, s_q,k^j+1: 
-0.000004 -0.000002 -0.000000 0.000001 -0.000363 -0.000394 -0.000335 -0.000362 -0.000316 -0.000385 

 current set of internals q_(k+1)^(j+1): 
1.11161  1.10894  1.11743  1.10332  1.81440  2.01312  1.91339  1.99252  1.83372  1.88762  

 NEW ATOMIC COORDINATES (5) 

Atom 1: C 0.001705464006887523, 1.0915059277696506, 0.036942895351833614 
Atom 2: H 0.15321937290790097, -0.008948449222708847, 0.07852758618927785 
Atom 3: H 1.0229018870656055, 1.5068315393778748, 0.15696127636129095 
Atom 4: H -0.5412188752276382, 1.4658281879984039, -0.8651519722457788 
Atom 5: H -0.5501078487527556, 1.4237827940767793, 0.9327202143433763 


 New set of internals q (note these are the ones that correspond to the best fit Cartesians): 

1.11161, 1.10894, 1.11743, 1.10332, 1.81440, 2.01312, 1.91339, 1.99252, 1.83372, 1.88762, 

SYSTEM ENERGY DATA 
total bond enegy= 0.0362516760028697 Kcal·mol⁻¹. 
total_angle_energy 1.1527276537050173 Kcal·mol⁻¹. 
total_torsion_energy 0 Kcal·mol⁻¹. 
total_VDW_Energy 0 Kcal·mol⁻¹. 
Total energy= 1.188979329707887 Kcal·mol⁻¹. 

 2 ITERATION WILSON B MATRIX 

-0.13630 0.98996 -0.03741 0.13630 -0.98996 0.03741 0.00000 0.00000 0.00000 0.00000 0.00000 0.00000 0.00000 0.00000 0.00000
-0.92088 -0.37453 -0.10823 0.00000 0.00000 0.00000 0.92088 0.37453 0.10823 0.00000 0.00000 0.00000 0.00000 0.00000 0.00000
0.48587 -0.33498 0.80729 0.00000 0.00000 0.00000 0.00000 0.00000 0.00000 -0.48587 0.33498 -0.80729 0.00000 0.00000 0.00000
0.50014 -0.30116 -0.81189 0.00000 0.00000 0.00000 0.00000 0.00000 0.00000 0.00000 0.00000 0.00000 -0.50014 0.30116 0.81189
1.21713 -0.71010 0.16770 -0.88409 -0.12583 -0.10869 -0.33304 0.83593 -0.05902 0.00000 0.00000 0.00000 0.00000 0.00000 0.00000
-0.49652 -0.92664 -1.09276 0.42555 0.08836 0.78763 0.00000 0.00000 0.00000 0.07097 0.83828 0.30513 0.00000 0.00000 0.00000
-0.46446 -0.88525 1.08589 0.43395 0.02999 -0.78744 0.00000 0.00000 0.00000 0.00000 0.00000 0.00000 0.03052 0.85526 -0.29845
0.60052 0.98445 -0.97208 0.00000 0.00000 0.00000 0.10765 -0.48261 0.75411 -0.70817 -0.50185 0.21797 0.00000 0.00000 0.00000
0.49879 0.79714 1.08410 0.00000 0.00000 0.00000 0.24355 -0.37214 -0.78446 0.00000 0.00000 0.00000 -0.74234 -0.42500 -0.29964
-1.22563 0.79092 -0.00100 0.00000 0.00000 0.00000 0.00000 0.00000 0.00000 0.61358 -0.38191 -0.52775 0.61205 -0.40901 0.52875

 2 ITERATION  G MATRIX 

2.00000 -0.24120 -0.42805 -0.33593 -0.87514 -0.80878 -0.85368 0.92908 0.68060 0.95007
-0.24120 2.00000 -0.40934 -0.25990 -0.87303 0.92256 0.64174 -0.81650 -0.87521 0.83254
-0.42805 -0.40934 2.00000 -0.31155 0.96462 -0.81301 0.94750 -0.82275 0.85050 -0.86124
-0.33593 -0.25990 -0.31155 2.00000 0.68643 0.91794 -0.84731 0.79308 -0.87077 -0.85037
-0.87514 -0.87303 0.96462 0.68643 3.63623 -0.60255 -0.05643 -0.61496 -0.12305 -2.05356
-0.80878 0.92256 -0.81301 0.91794 -0.60255 3.90945 -0.56858 -0.55259 -2.17099 -0.56089
-0.85368 0.64174 0.94750 -0.84731 -0.05643 -0.56858 3.80929 -2.20597 -0.05684 -0.62092
0.92908 -0.81650 -0.82275 0.79308 -0.61496 -0.55259 -2.20597 3.88874 -0.35530 -0.31430
0.68060 -0.87521 0.85050 -0.87077 -0.12305 -2.17099 -0.05684 -0.35530 3.69415 -0.42089
0.95007 0.83254 -0.86124 -0.85037 -2.05356 -0.56089 -0.62092 -0.31430 -0.42089 3.75006

 2 ITERATION G MATRIX INVERSE 

0: 0.79964 0.04833 0.08577 0.06729 0.10428 0.10214 0.10090 -0.10594 -0.09733 -0.10908
1: 0.04833 0.79973 0.08183 0.05219 0.11413 -0.10916 -0.09896 0.11083 0.11055 -0.10768
2: 0.08577 0.08183 0.79993 0.06225 -0.10527 0.09094 -0.10140 0.09060 -0.09814 0.09368
3: 0.06729 0.05219 0.06225 0.79974 -0.10353 -0.10937 0.11089 -0.10451 0.11130 0.11605
4: 0.10428 0.11413 -0.10527 -0.10353 0.29433 -0.06519 -0.07839 -0.06038 -0.07038 -0.01993
5: 0.10214 -0.10916 0.09094 -0.10937 -0.06519 0.25510 -0.06624 -0.07076 -0.00375 -0.07094
6: 0.10090 -0.09896 -0.10140 0.11089 -0.07839 -0.06624 0.29149 0.00167 -0.07479 -0.05874
7: -0.10594 0.11083 0.09060 -0.10451 -0.06038 -0.07076 0.00167 0.27100 -0.06727 -0.07616
8: -0.09733 0.11055 -0.09814 0.11130 -0.07038 -0.00375 -0.07479 -0.06727 0.30769 -0.06178
9: -0.10908 -0.10768 0.09368 0.11605 -0.01993 -0.07094 -0.05874 -0.07616 -0.06178 0.27272

 ITERATION 2 GRMS= 6.266798961151519 


 2 ITERATION GRADIENT INTERNAL COORDINATES 

[1.52611448], [-1.00471575], [7.02909956], [-6.31260045], [-9.29281067], [9.43657709], [0.05152288], [7.50415108], [-7.45652916], [-2.39669526], 

 INTERNAL GRADIENT RMS = [0.68673495]


 Change in the gradient in terms of the internal coordinates: (vector yk) 

[-0.39634535], [0.26081772], [-1.82517476], [1.63908458], [2.45857805], [-2.36616422], [0.0462576], [-1.87150088], [1.98014805], [0.68403523], 

 Change in the structure in terms of the internal coordinates: (vector sk) 

-0.0005662076446730779, 0.0003725967451684298, -0.0026073925176193224, 0.0023415493955982747, 0.03408678950228672, -0.03499773937719475, -0.00030728730550322325, -0.027806701365762576, 0.027403867889483458, 0.008649120256295717, 

 Product of the inverse Hessian and the change in gradient, vector vk: 

[-0.00056915], [0.00037455], [-0.00262098], [0.00235376], [0.03417702], [-0.03498541], [-0.00024858], [-0.02777723], [0.02749784], [0.00871442], 

 2 ITERATION M HESSIAN MATRIX INVERSE 

0.001663 0.000005 -0.000034 0.000030 0.000002 0.000007 0.000004 0.000006 0.000001 0.000004
0.000005 0.001667 0.000022 -0.000020 -0.000001 -0.000005 -0.000002 -0.000004 -0.000001 -0.000003
-0.000034 0.000022 0.001515 0.000139 0.000008 0.000034 0.000017 0.000028 0.000006 0.000018
0.000030 -0.000020 0.000139 0.001545 -0.000007 -0.000031 -0.000015 -0.000025 -0.000005 -0.000016
0.000002 -0.000001 0.000008 -0.000007 0.008785 -0.002287 -0.000069 -0.001823 0.001697 0.000493
0.000007 -0.000005 0.000034 -0.000031 -0.002287 0.009127 0.000069 0.001959 -0.001835 -0.000538
0.000004 -0.000002 0.000017 -0.000015 -0.000069 0.000069 0.006670 0.000055 -0.000056 -0.000019
0.000006 -0.000004 0.000028 -0.000025 -0.001823 0.001959 0.000055 0.008231 -0.001463 -0.000430
0.000001 -0.000001 0.000006 -0.000005 0.001697 -0.001835 -0.000056 -0.001463 0.008032 0.000395
0.000004 -0.000003 0.000018 -0.000016 0.000493 -0.000538 -0.000019 -0.000430 0.000395 0.006782

SYSTEM ENERGY DATA 
total bond enegy= 0.0362516760028697 Kcal·mol⁻¹. 
total_angle_energy 1.1527276537050173 Kcal·mol⁻¹. 
total_torsion_energy 0 Kcal·mol⁻¹. 
total_VDW_Energy 0 Kcal·mol⁻¹. 
Total energy= 1.188979329707887 Kcal·mol⁻¹. 

################################## 
# Start of Geometry Optimization #
################################## 

 Predicted update step in internal coordinates s_k (prior to possible scaling): 

-0.001620 0.001067 -0.007464 0.006703 0.096538 -0.102499 -0.002420 -0.081701 0.077422 0.023201 

 Scaled update step in internal coordinates s_k: 

 -0.000563  0.000371  -0.002593  0.002329  0.033537  -0.035608  -0.000841  -0.028383  0.026897  0.008060 

  Iterative determination of optimal Cartesian coordinates: 
  tolerated diff for Cartsian coordinates:  1e-05 

 Iterative determination of optimal Cartesian coordinates: 
   tolerated diff for Cartsian coordinates:    1e-05 

 Initially predicted dx = BTG-sk: 

0.005161 0.001768 0.010626 -0.016308 -0.001305 -0.007524 0.003317 0.014373 -0.013874 0.015553 -0.009918 0.002735 -0.007723 -0.004919 0.008037 

 current set of internals q_(k+1)^(j+1): 
1.11141  1.10965  1.11498  1.10575  1.84794  1.97799  1.91249  1.96446  1.86090  1.89608  

 difference between these internals and the desired internals, s_q,k^j+1: 
-0.000360 -0.000344 -0.000135 -0.000096 -0.000001 -0.000468 0.000058 -0.000324 -0.000281 -0.000399 

 current set of internals q_(k+1)^(j+1): 
1.11106  1.10931  1.11484  1.10565  1.84818  1.97777  1.91278  1.96438  1.86084  1.89593  

 difference between these internals and the desired internals, s_q,k^j+1: 
-0.000005 -0.000003 -0.000000 0.000000 -0.000245 -0.000254 -0.000226 -0.000240 -0.000220 -0.000256 

 current set of internals q_(k+1)^(j+1): 
1.11105  1.10931  1.11484  1.10565  1.84817  1.97778  1.91278  1.96438  1.86083  1.89593  

 NEW ATOMIC COORDINATES (5) 

Atom 1: C 0.00695577889656755, 1.0931857373627545, 0.047633048716064566 
Atom 2: H 0.13687193380653231, -0.00999886000694791, 0.07086328736208876 
Atom 3: H 1.0259345756093212, 1.5211287516332597, 0.1430842993648685 
Atom 4: H -0.5255323466493561, 1.4557621158198075, -0.8622381068572336 
Atom 5: H -0.5577299416630648, 1.4189222551911258, 0.9406574714142116 


 New set of internals q (note these are the ones that correspond to the best fit Cartesians): 

1.11105, 1.10931, 1.11484, 1.10565, 1.84817, 1.97778, 1.91278, 1.96438, 1.86083, 1.89593, 

SYSTEM ENERGY DATA 
total bond enegy= 0.015373080816127548 Kcal·mol⁻¹. 
total_angle_energy 0.4901722269864025 Kcal·mol⁻¹. 
total_torsion_energy 0 Kcal·mol⁻¹. 
total_VDW_Energy 0 Kcal·mol⁻¹. 
Total energy= 0.50554530780253 Kcal·mol⁻¹. 

 3 ITERATION WILSON B MATRIX 

-0.11693 0.99292 -0.02091 0.11693 -0.99292 0.02091 0.00000 0.00000 0.00000 0.00000 0.00000 0.00000 0.00000 0.00000 0.00000
-0.91857 -0.38577 -0.08605 0.00000 0.00000 0.00000 0.91857 0.38577 0.08605 0.00000 0.00000 0.00000 0.00000 0.00000 0.00000
0.47764 -0.32523 0.81614 0.00000 0.00000 0.00000 0.00000 0.00000 0.00000 -0.47764 0.32523 -0.81614 0.00000 0.00000 0.00000
0.51073 -0.29461 -0.80769 0.00000 0.00000 0.00000 0.00000 0.00000 0.00000 0.00000 0.00000 0.00000 -0.51073 0.29461 0.80769
1.23494 -0.72507 0.12756 -0.88958 -0.10657 -0.08588 -0.34536 0.83164 -0.04168 0.00000 0.00000 0.00000 0.00000 0.00000 0.00000
-0.49323 -0.91057 -1.08693 0.42277 0.06646 0.79179 0.00000 0.00000 0.00000 0.07046 0.84411 0.29513 0.00000 0.00000 0.00000
-0.50264 -0.89505 1.05846 0.45047 0.03666 -0.77834 0.00000 0.00000 0.00000 0.00000 0.00000 0.00000 0.05217 0.85839 -0.28011
0.59189 0.95769 -0.98485 0.00000 0.00000 0.00000 0.12236 -0.46186 0.76443 -0.71425 -0.49582 0.22042 0.00000 0.00000 0.00000
0.49581 0.82459 1.08223 0.00000 0.00000 0.00000 0.23333 -0.38095 -0.78299 0.00000 0.00000 0.00000 -0.72915 -0.44364 -0.29924
-1.23946 0.77745 -0.01495 0.00000 0.00000 0.00000 0.00000 0.00000 0.00000 0.62787 -0.37721 -0.51777 0.61159 -0.40023 0.53272

 3 ITERATION  G MATRIX 

2.00000 -0.27384 -0.39584 -0.33536 -0.86701 -0.82372 -0.85207 0.90229 0.73815 0.91719
-0.27384 2.00000 -0.38350 -0.28599 -0.86565 0.89787 0.71593 -0.82840 -0.86667 0.83990
-0.39584 -0.38350 2.00000 -0.31944 0.92977 -0.82653 0.91487 -0.83254 0.85189 -0.85706
-0.33536 -0.28599 -0.31944 2.00000 0.74130 0.89426 -0.84793 0.81560 -0.86381 -0.84999
-0.86701 -0.86565 0.92977 0.74130 3.68980 -0.53870 -0.17453 -0.54729 -0.21229 -2.09627
-0.82372 0.89787 -0.82653 0.89426 -0.53870 3.86850 -0.51095 -0.49732 -2.17170 -0.50731
-0.85207 0.71593 0.91487 -0.84793 -0.17453 -0.51095 3.80220 -2.19711 -0.17682 -0.54954
0.90229 -0.82840 -0.83254 0.81560 -0.54729 -0.49732 -2.19711 3.85465 -0.37670 -0.34991
0.73815 -0.86667 0.85189 -0.86381 -0.21229 -2.17170 -0.17682 -0.37670 3.72765 -0.41743
0.91719 0.83990 -0.85706 -0.84999 -2.09627 -0.50731 -0.54954 -0.34991 -0.41743 3.76351

 3 ITERATION G MATRIX INVERSE 

0: 0.79984 0.05481 0.07924 0.06712 0.10469 0.10331 0.10230 -0.10557 -0.09992 -0.10768
1: 0.05481 0.79988 0.07668 0.05729 0.11090 -0.10777 -0.10094 0.10874 0.10864 -0.10680
2: 0.07924 0.07668 0.79997 0.06386 -0.10522 0.09549 -0.10263 0.09507 -0.10062 0.09713
3: 0.06712 0.05729 0.06386 0.79988 -0.10383 -0.10785 0.10878 -0.10468 0.10916 0.11194
4: 0.10469 0.11090 -0.10522 -0.10383 0.28945 -0.06599 -0.07465 -0.06301 -0.07001 -0.01522
5: 0.10331 -0.10777 0.09549 -0.10785 -0.06599 0.26371 -0.06704 -0.07056 -0.00483 -0.07019
6: 0.10230 -0.10094 -0.10263 0.10878 -0.07465 -0.06704 0.28762 -0.00110 -0.07220 -0.06212
7: -0.10557 0.10874 0.09507 -0.10468 -0.06301 -0.07056 -0.00110 0.27389 -0.06749 -0.07366
8: -0.09992 0.10864 -0.10062 0.10916 -0.07001 -0.00483 -0.07220 -0.06749 0.29819 -0.06437
9: -0.10768 -0.10680 0.09713 0.11194 -0.01522 -0.07019 -0.06212 -0.07366 -0.06437 0.27489

 ITERATION 3 GRMS= 4.057959556672056 


 3 ITERATION GRADIENT INTERNAL COORDINATES 

[1.12976913], [-0.74389802], [5.20392479], [-4.67351587], [-6.83423262], [7.07041287], [0.09778048], [5.6326502], [-5.47638111], [-1.71266002], 

 INTERNAL GRADIENT RMS = [0.48167772]


 Change in the gradient in terms of the internal coordinates: (vector yk) 

[-0.39413762], [0.25940779], [-1.81513107], [1.63007937], [2.41846632], [-2.41453055], [0.00906086], [-1.9139421], [1.947169], [0.63939611], 

 Change in the structure in terms of the internal coordinates: (vector sk) 

-0.0005630537468248598, 0.0003705825544817465, -0.0025930443900390454, 0.0023286848077275213, 0.0337753705292807, -0.03534732097221971, -0.0006123797631782946, -0.028138660240633717, 0.027113658693699305, 0.008311963917374543, 

 Product of the inverse Hessian and the change in gradient, vector vk: 

[-0.00056419], [0.00037134], [-0.0025983], [0.0023334], [0.03384718], [-0.03534795], [-0.00055524], [-0.02811173], [0.0272063], [0.00835887], 

 3 ITERATION M HESSIAN MATRIX INVERSE 

0.001663 0.000005 -0.000034 0.000030 0.000002 0.000007 0.000004 0.000006 0.000001 0.000004
0.000005 0.001667 0.000022 -0.000020 -0.000001 -0.000005 -0.000002 -0.000004 -0.000001 -0.000003
-0.000034 0.000022 0.001515 0.000139 0.000009 0.000034 0.000017 0.000028 0.000007 0.000018
0.000030 -0.000020 0.000139 0.001545 -0.000008 -0.000030 -0.000016 -0.000025 -0.000006 -0.000016
0.000002 -0.000001 0.000009 -0.000008 0.008773 -0.002283 -0.000076 -0.001823 0.001683 0.000486
0.000007 -0.000005 0.000034 -0.000030 -0.002283 0.009132 0.000076 0.001966 -0.001827 -0.000534
0.000004 -0.000002 0.000017 -0.000016 -0.000076 0.000076 0.006670 0.000060 -0.000061 -0.000020
0.000006 -0.000004 0.000028 -0.000025 -0.001823 0.001966 0.000060 0.008240 -0.001460 -0.000427
0.000001 -0.000001 0.000007 -0.000006 0.001683 -0.001827 -0.000061 -0.001460 0.008017 0.000389
0.000004 -0.000003 0.000018 -0.000016 0.000486 -0.000534 -0.000020 -0.000427 0.000389 0.006780

SYSTEM ENERGY DATA 
total bond enegy= 0.015373080816127548 Kcal·mol⁻¹. 
total_angle_energy 0.4901722269864025 Kcal·mol⁻¹. 
total_torsion_energy 0 Kcal·mol⁻¹. 
total_VDW_Energy 0 Kcal·mol⁻¹. 
Total energy= 0.50554530780253 Kcal·mol⁻¹. 

################################## 
# Start of Geometry Optimization #
################################## 

 Predicted update step in internal coordinates s_k (prior to possible scaling): 

-0.001054 0.000694 -0.004856 0.004361 0.062561 -0.067154 -0.001972 -0.053643 0.050046 0.014755 

 Scaled update step in internal coordinates s_k: 

 -0.000562  0.000370  -0.002589  0.002325  0.033355  -0.035804  -0.001052  -0.028601  0.026683  0.007867 

  Iterative determination of optimal Cartesian coordinates: 
  tolerated diff for Cartsian coordinates:  1e-05 

 Iterative determination of optimal Cartesian coordinates: 
   tolerated diff for Cartsian coordinates:    1e-05 

 Initially predicted dx = BTG-sk: 

0.005340 0.001585 0.010752 -0.016396 -0.000799 -0.007797 0.002738 0.014234 -0.013880 0.015827 -0.010209 0.003087 -0.007510 -0.004810 0.007838 

 current set of internals q_(k+1)^(j+1): 
1.11086  1.11003  1.11239  1.10807  1.88136  1.94230  1.91155  1.93599  1.88767  1.90406  

 difference between these internals and the desired internals, s_q,k^j+1: 
-0.000370 -0.000348 -0.000135 -0.000094 0.000172 -0.000324 0.000182 -0.000207 -0.000152 -0.000259 

 current set of internals q_(k+1)^(j+1): 
1.11049  1.10968  1.11225  1.10798  1.88164  1.94207  1.91182  1.93588  1.88761  1.90390  

 difference between these internals and the desired internals, s_q,k^j+1: 
-0.000006 -0.000003 0.000000 0.000000 -0.000107 -0.000099 -0.000094 -0.000098 -0.000096 -0.000108 

 current set of internals q_(k+1)^(j+1): 
1.11049  1.10968  1.11225  1.10798  1.88163  1.94208  1.91183  1.93588  1.88761  1.90390  

 NEW ATOMIC COORDINATES (5) 

Atom 1: C 0.012391961844910879, 1.094675359164083, 0.058451907619974576 
Atom 2: H 0.12042744426577669, -0.010536645972942044, 0.06292726500223929 
Atom 3: H 1.028382507809262, 1.5352930864756615, 0.1291937005639747 
Atom 4: H -0.5095624082242332, 1.4454030933177735, -0.858967361782357 
Atom 5: H -0.5651395056957164, 1.4141651070154235, 0.9483944885961684 


 New set of internals q (note these are the ones that correspond to the best fit Cartesians): 

1.11049, 1.10968, 1.11225, 1.10798, 1.88163, 1.94208, 1.91183, 1.93588, 1.88761, 1.90390, 

SYSTEM ENERGY DATA 
total bond enegy= 0.0033265786713012778 Kcal·mol⁻¹. 
total_angle_energy 0.10664420941092924 Kcal·mol⁻¹. 
total_torsion_energy 0 Kcal·mol⁻¹. 
total_VDW_Energy 0 Kcal·mol⁻¹. 
Total energy= 0.10997078808223051 Kcal·mol⁻¹. 

 4 ITERATION WILSON B MATRIX 

-0.09729 0.99525 -0.00403 0.09729 -0.99525 0.00403 0.00000 0.00000 0.00000 0.00000 0.00000 0.00000 0.00000 0.00000 0.00000
-0.91557 -0.39707 -0.06375 0.00000 0.00000 0.00000 0.91557 0.39707 0.06375 0.00000 0.00000 0.00000 0.00000 0.00000 0.00000
0.46928 -0.31533 0.82483 0.00000 0.00000 0.00000 0.00000 0.00000 0.00000 -0.46928 0.31533 -0.82483 0.00000 0.00000 0.00000
0.52125 -0.28835 -0.80321 0.00000 0.00000 0.00000 0.00000 0.00000 0.00000 0.00000 0.00000 0.00000 -0.52125 0.28835 0.80321
1.25126 -0.73942 0.08373 -0.89412 -0.08765 -0.06146 -0.35714 0.82707 -0.02227 0.00000 0.00000 0.00000 0.00000 0.00000 0.00000
